gravity=true collisions=false floor=false motors=[[-1.0471975511965976,1]] extent=1.6970562765335881
  0 sw=200,200,176,200,200,200,200,200,200,200,200,200,200,200,200,200 ke=0.0133 drift=0.0000 imp=0.0000 [0.17 -1.053] unsat=0
  1 sw=200,200,200,200,200,200,200,200,200,200,200,200,200,200,200,200 ke=0.0508 drift=0.0003 imp=0.0000 [0.19 -1.053] unsat=0
  2 sw=200,200,200,200,200,200,200,200,200,200,200,200,200,200,200,200 ke=0.1109 drift=0.0013 imp=0.0000 [0.21 -1.053] unsat=0
  3 sw=200,200,200,200,200,200,200,200,200,200,200,200,200,200,200,200 ke=0.1915 drift=0.0029 imp=0.0000 [0.23 -1.053] unsat=0
  4 sw=200,200,200,200,200,200,200,200,200,200,200,200,200,200,200,200 ke=0.2909 drift=0.0051 imp=0.0000 [0.24 -1.054] unsat=0
  5 sw=200,200,200,200,200,200,200,200,200,200,200,200,200,200,200,200 ke=0.4073 drift=0.0078 imp=0.0000 [0.26 -1.054] unsat=0
  6 sw=200,200,200,200,200,200,200,200,200,200,200,200,200,200,200,200 ke=0.5393 drift=0.0109 imp=0.0000 [0.28 -1.054] unsat=0
  7 sw=200,200,200,200,200,200,200,200,200,200,200,200,200,200,200,200 ke=0.6852 drift=0.0145 imp=0.0000 [0.29 -1.054] unsat=0
  8 sw=200,200,200,200,200,200,200,200,200,200,200,200,200,200,200,200 ke=0.8438 drift=0.0184 imp=0.0000 [0.31 -1.055] unsat=0
  9 sw=200,200,200,200,200,200,200,200,200,200,200,200,200,200,200,200 ke=1.0138 drift=0.0227 imp=0.0000 [0.32 -1.055] unsat=0
 10 sw=200,200,200,200,200,200,200,200,200,200,200,200,200,200,200,200 ke=1.1939 drift=0.0273 imp=0.0000 [0.34 -1.055] unsat=0
 11 sw=200,200,200,200,200,200,200,200,200,200,200,200,200,200,200,200 ke=1.3830 drift=0.0321 imp=0.0000 [0.35 -1.055] unsat=0
 12 sw=200,200,200,200,200,200,200,200,200,200,200,200,200,200,200,200 ke=1.5802 drift=0.0371 imp=0.0000 [0.36 -1.055] unsat=0
 13 sw=200,200,200,200,200,200,200,200,200,200,200,200,200,200,200,200 ke=1.7844 drift=0.0424 imp=0.0000 [0.38 -1.055] unsat=0
 14 sw=200,200,200,200,200,200,200,200,200,200,200,200,200,200,200,200 ke=1.9948 drift=0.0478 imp=0.0000 [0.39 -1.056] unsat=0
 15 sw=200,200,200,200,200,200,200,200,200,200,200,200,200,200,200,200 ke=2.2105 drift=0.0534 imp=0.0000 [0.40 -1.056] unsat=0
 16 sw=200,200,200,200,200,200,200,200,200,200,200,200,200,200,200,200 ke=2.4307 drift=0.0591 imp=0.0000 [0.41 -1.056] unsat=0
 17 sw=200,200,200,200,200,200,200,200,200,200,200,200,200,200,200,200 ke=2.6548 drift=0.0649 imp=0.0000 [0.43 -1.056] unsat=0
 18 sw=200,200,200,200,200,200,200,200,200,200,200,200,200,200,200,200 ke=2.8821 drift=0.0708 imp=0.0000 [0.44 -1.056] unsat=0
 19 sw=200,200,200,200,200,200,200,200,200,200,200,200,200,200,200,200 ke=3.1119 drift=0.0768 imp=0.0000 [0.45 -1.056] unsat=0
 20 sw=200,200,200,200,200,200,200,200,200,200,200,200,200,200,200,200 ke=3.3437 drift=0.0828 imp=0.0000 [0.46 -1.056] unsat=0
 21 sw=200,200,200,200,200,200,200,200,200,200,200,200,200,200,200,200 ke=3.5770 drift=0.0888 imp=0.0000 [0.47 -1.056] unsat=0
 22 sw=200,200,200,200,200,200,200,200,200,200,200,200,200,200,200,200 ke=3.8112 drift=0.0948 imp=0.0000 [0.48 -1.056] unsat=0
 23 sw=200,200,200,200,200,200,200,200,200,200,200,200,200,200,200,200 ke=4.0461 drift=0.1009 imp=0.0000 [0.49 -1.056] unsat=0
 24 sw=200,200,200,200,200,200,200,200,200,200,200,200,200,200,200,200 ke=4.2810 drift=0.1070 imp=0.0000 [0.50 -1.057] unsat=0
 25 sw=200,200,200,200,200,200,200,200,200,200,200,200,200,200,200,200 ke=4.5157 drift=0.1130 imp=0.0000 [0.51 -1.057] unsat=0
 26 sw=200,200,200,200,200,200,200,200,200,200,200,200,200,200,200,200 ke=4.7498 drift=0.1190 imp=0.0000 [0.52 -1.057] unsat=0
 27 sw=200,200,200,200,200,200,200,200,200,200,200,200,200,200,200,200 ke=4.9831 drift=0.1250 imp=0.0000 [0.53 -1.057] unsat=0
 28 sw=200,200,200,200,200,200,200,200,200,200,200,200,200,200,200,200 ke=5.2151 drift=0.1310 imp=0.0000 [0.53 -1.057] unsat=0
 29 sw=200,200,200,200,200,200,200,200,200,200,200,200,200,200,200,200 ke=5.4457 drift=0.1369 imp=0.0000 [0.54 -1.057] unsat=0
 30 sw=200,200,200,200,200,200,200,200,200,200,200,200,200,200,200,200 ke=5.6746 drift=0.1427 imp=0.0000 [0.55 -1.057] unsat=0
 31 sw=200,200,200,200,200,200,200,200,200,200,200,200,200,200,200,200 ke=5.9016 drift=0.1485 imp=0.0000 [0.56 -1.057] unsat=0
 32 sw=200,200,200,200,200,200,200,200,200,200,200,200,200,200,200,200 ke=6.1265 drift=0.1542 imp=0.0000 [0.57 -1.057] unsat=0
 33 sw=200,200,200,200,200,200,200,200,200,200,200,200,200,200,200,200 ke=6.3491 drift=0.1599 imp=0.0000 [0.57 -1.057] unsat=0
 34 sw=200,200,200,200,200,200,200,200,200,200,200,200,200,200,200,200 ke=6.5693 drift=0.1655 imp=0.0000 [0.58 -1.057] unsat=0
 35 sw=200,200,200,200,200,200,200,200,200,200,200,200,200,200,200,200 ke=6.7869 drift=0.1710 imp=0.0000 [0.59 -1.057] unsat=0
 36 sw=200,200,200,200,200,200,200,200,200,200,200,200,200,200,200,200 ke=7.0018 drift=0.1765 imp=0.0000 [0.59 -1.057] unsat=0
 37 sw=200,200,200,200,200,200,200,200,200,200,200,200,200,200,200,200 ke=7.2139 drift=0.1819 imp=0.0000 [0.60 -1.057] unsat=0
 38 sw=200,200,200,200,200,200,200,200,200,200,200,200,200,200,200,200 ke=7.4231 drift=0.1872 imp=0.0000 [0.61 -1.057] unsat=0
 39 sw=200,200,200,200,200,200,200,200,200,200,200,200,200,200,200,200 ke=7.6294 drift=0.1924 imp=0.0000 [0.61 -1.057] unsat=0
 40 sw=200,200,200,200,200,200,200,200,200,200,200,200,200,200,200,200 ke=7.8325 drift=0.1975 imp=0.0000 [0.62 -1.057] unsat=0
 41 sw=200,200,200,200,200,200,200,200,200,200,200,200,200,200,200,200 ke=8.0325 drift=0.2026 imp=0.0000 [0.63 -1.057] unsat=0
 42 sw=200,200,200,200,200,200,200,200,200,200,200,200,200,200,200,200 ke=8.2294 drift=0.2076 imp=0.0000 [0.63 -1.057] unsat=0
 43 sw=200,200,200,200,200,200,200,200,200,200,200,200,200,200,200,200 ke=8.4230 drift=0.2125 imp=0.0000 [0.64 -1.058] unsat=0
 44 sw=200,200,200,200,200,200,200,200,200,200,200,200,200,200,200,200 ke=8.6135 drift=0.2174 imp=0.0000 [0.64 -1.058] unsat=0
 45 sw=200,200,200,200,200,200,200,200,200,200,200,200,200,200,200,200 ke=8.8006 drift=0.2223 imp=0.0000 [0.65 -1.058] unsat=0
 46 sw=200,200,200,200,200,200,200,200,200,200,200,200,200,200,200,200 ke=8.9846 drift=0.2271 imp=0.0000 [0.65 -1.058] unsat=0
 47 sw=200,200,200,200,200,200,200,200,200,200,200,200,200,200,200,200 ke=9.1653 drift=0.2320 imp=0.0000 [0.66 -1.058] unsat=0
 48 sw=200,200,200,200,200,200,200,200,200,200,200,200,200,200,200,200 ke=9.3430 drift=0.2372 imp=0.0000 [0.66 -1.057] unsat=0
 49 sw=200,200,200,200,200,200,200,200,200,200,200,200,200,200,200,200 ke=9.5182 drift=0.2432 imp=0.0000 [0.66 -1.057] unsat=0
 50 sw=200,200,200,200,200,200,200,200,200,200,200,200,200,200,200,200 ke=9.6943 drift=0.2544 imp=0.0000 [0.68 -1.056] unsat=0
 51 sw=200,200,200,200,200,200,200,200,200,200,200,200,200,200,200,200 ke=9.1823 drift=-0.4383 imp=0.0000 [1.00 -17.546*] unsat=2
 52 sw=200,200,200,200,200,200,200,200,200,200,200,200,200,200,200,200 ke=0.3888 drift=-9.6062 imp=0.0000 [-1.00 14.245*] unsat=2
 53 sw=200,200,200,200,200,200,200,200,200,200,200,200,200,200,200,200 ke=1.3202 drift=-7.8369 imp=0.0000 [1.00 -47.349*] unsat=2
 54 sw=200,200,200,200,200,200,200,200,200,200,200,200,200,200,200,200 ke=0.9568 drift=-7.5491 imp=0.0000 [1.00 -37.636*] unsat=0
 55 sw=200,200,200,200,200,200,200,200,200,200,200,200,200,200,200,200 ke=0.4659 drift=-7.6912 imp=0.0000 [1.00 -18.348*] unsat=0
 56 sw=200,200,200,200,200,200,200,200,200,200,200,200,200,200,200,200 ke=0.2299 drift=-7.7851 imp=0.0000 [1.00 -1.778*] unsat=0
 57 sw=200,200,200,200,200,200,200,200,200,200,200,200,200,200,200,200 ke=0.1234 drift=-7.7898 imp=0.0000 [0.09 -1.047] unsat=0
 58 sw=200,200,200,200,200,200,200,200,200,200,200,200,200,200,200,200 ke=0.0517 drift=-7.7929 imp=0.0000 [0.11 -1.047] unsat=0
 59 sw=200,200,200,200,200,200,200,200,200,200,200,200,200,200,200,200 ke=0.0116 drift=-7.7949 imp=0.0000 [0.13 -1.048] unsat=0
 60 sw=200,200,200,200,200,200,200,200,200,200,200,200,200,200,200,200 ke=0.0004 drift=-7.7961 imp=0.0000 [0.15 -1.048] unsat=0
 61 sw=200,200,200,200,200,200,200,200,200,200,200,200,200,200,200,200 ke=0.0158 drift=-7.7965 imp=0.0000 [0.17 -1.048] unsat=0
 62 sw=200,200,200,200,200,200,200,200,200,200,200,200,200,200,200,200 ke=0.0557 drift=-7.7960 imp=0.0000 [0.19 -1.049] unsat=0
 63 sw=200,200,200,200,200,200,200,200,200,200,200,200,200,200,200,200 ke=0.1180 drift=-7.7949 imp=0.0000 [0.21 -1.049] unsat=0
 64 sw=200,200,200,200,200,200,200,200,200,200,200,200,200,200,200,200 ke=0.2007 drift=-7.7931 imp=0.0000 [0.23 -1.049] unsat=0
 65 sw=200,200,200,200,200,200,200,200,200,200,200,200,200,200,200,200 ke=0.3021 drift=-7.7906 imp=0.0000 [0.24 -1.049] unsat=0
 66 sw=200,200,200,200,200,200,200,200,200,200,200,200,200,200,200,200 ke=0.4206 drift=-7.7876 imp=0.0000 [0.26 -1.050] unsat=0
 67 sw=200,200,200,200,200,200,200,200,200,200,200,200,200,200,200,200 ke=0.5547 drift=-7.7838 imp=0.0000 [0.27 -1.050] unsat=0
 68 sw=200,200,200,200,200,200,200,200,200,200,200,200,200,200,200,200 ke=0.0369 drift=-8.2920 imp=0.0000 [-1.00 10.066*] unsat=0
 69 sw=200,200,200,200,200,200,200,200,200,200,200,200,200,200,200,200 ke=0.0003 drift=-8.3142 imp=0.0000 [0.16 -1.048] unsat=0
 70 sw=200,200,200,200,200,200,200,200,200,200,200,200,200,200,200,200 ke=0.0157 drift=-8.3142 imp=0.0000 [0.17 -1.049] unsat=0
 71 sw=200,200,200,200,200,200,200,200,200,200,200,200,200,200,200,200 ke=0.0100 drift=-8.2663 imp=0.0000 [-1.00 6.439*] unsat=0
 72 sw=200,200,200,200,200,200,200,200,200,200,200,200,200,200,200,200 ke=0.0151 drift=-8.2697 imp=0.0000 [0.35 -1.092] unsat=0
 73 sw=200,200,200,200,200,200,200,200,200,200,200,200,200,200,200,200 ke=0.0003 drift=-8.2680 imp=0.0000 [0.05 -1.031] unsat=0
 74 sw=200,200,200,200,200,200,200,200,200,200,200,200,200,200,200,200 ke=0.0216 drift=-8.2594 imp=0.0000 [0.44 -1.108] unsat=0
 75 sw=200,200,200,200,200,200,200,200,200,200,200,200,200,200,200,200 ke=0.0008 drift=-8.2788 imp=0.0000 [0.11 -1.059] unsat=0
 76 sw=200,200,200,200,200,200,200,200,200,200,200,200,200,200,200,200 ke=1.7997 drift=-5.7653 imp=0.0000 [-1.00 54.549*] unsat=0
 77 sw=200,200,200,200,200,200,200,200,200,200,200,200,200,200,200,200 ke=1.0973 drift=-5.8677 imp=0.0000 [-1.00 34.107*] unsat=0
 78 sw=200,200,200,200,200,200,200,200,200,200,200,200,200,200,200,200 ke=0.6760 drift=-5.9802 imp=0.0000 [-1.00 7.411*] unsat=0
 79 sw=200,200,200,200,200,200,200,200,200,200,200,200,200,200,200,200 ke=0.4530 drift=-6.0044 imp=0.0000 [0.02 -1.043] unsat=0
 80 sw=200,200,200,200,200,200,200,200,200,200,200,200,200,200,200,200 ke=0.2902 drift=-6.0120 imp=0.0000 [0.05 -1.045] unsat=0
 81 sw=200,200,200,200,200,200,200,200,200,200,200,200,200,200,200,200 ke=0.1670 drift=-6.0175 imp=0.0000 [0.08 -1.045] unsat=0
 82 sw=200,200,200,200,200,200,200,200,200,200,200,200,200,200,200,200 ke=0.0799 drift=-6.0215 imp=0.0000 [0.10 -1.046] unsat=0
 83 sw=200,200,200,200,200,200,200,200,200,200,200,200,200,200,200,200 ke=0.0257 drift=-6.0243 imp=0.0000 [0.12 -1.047] unsat=0
 84 sw=200,200,200,200,200,200,200,200,200,200,200,200,200,200,200,200 ke=0.0019 drift=-6.0259 imp=0.0000 [0.14 -1.047] unsat=0
 85 sw=200,200,200,200,200,200,200,200,200,200,200,200,200,200,200,200 ke=0.0059 drift=-6.0267 imp=0.0000 [0.16 -1.048] unsat=0
 86 sw=200,200,200,200,200,200,200,200,200,200,200,200,200,200,200,200 ke=0.0355 drift=-6.0265 imp=0.0000 [0.18 -1.048] unsat=0
 87 sw=200,200,200,200,200,200,200,200,200,200,200,200,200,200,200,200 ke=0.0885 drift=-6.0255 imp=0.0000 [0.20 -1.048] unsat=0
 88 sw=200,200,200,200,200,200,200,200,200,200,200,200,200,200,200,200 ke=0.1630 drift=-6.0236 imp=0.0000 [0.21 -1.048] unsat=0
 89 sw=200,200,200,200,200,200,200,200,200,200,200,200,200,200,200,200 ke=0.2573 drift=-6.0209 imp=0.0000 [0.23 -1.048] unsat=0
 90 sw=200,200,200,200,200,200,200,200,200,200,200,200,200,200,200,200 ke=0.3699 drift=-6.0171 imp=0.0000 [0.24 -1.048] unsat=0
 91 sw=200,200,200,200,200,200,200,200,200,200,200,200,200,200,200,200 ke=0.4997 drift=-6.0118 imp=0.0000 [0.25 -1.047] unsat=0
 92 sw=200,200,200,200,200,200,200,200,200,200,200,200,200,200,200,200 ke=0.5975 drift=-6.0349 imp=0.0000 [1.00 -3.196*] unsat=1
 93 sw=200,200,200,200,200,200,200,200,200,200,200,200,200,200,200,200 ke=0.5884 drift=-6.0381 imp=0.0000 [1.00 -20.960*] unsat=1
 94 sw=200,200,200,200,200,200,200,200,200,200,200,200,200,200,200,200 ke=0.6279 drift=-5.9774 imp=0.0000 [1.00 -23.156*] unsat=0
 95 sw=200,200,200,200,200,200,200,200,200,200,200,200,200,200,200,200 ke=0.0086 drift=-6.6574 imp=0.0000 [-1.00 4.037*] unsat=1
 96 sw=200,200,200,200,200,200,200,200,200,200,200,200,200,200,200,200 ke=14916.5695 drift=24400.8895 imp=0.0000 [-1.00 4184.600*] unsat=22
 97 sw=200,200,200,200,200,200,200,200,200,200,200,200,200,200,200,200 ke=4163.7980 drift=14184.6276 imp=0.0000 [1.00 -1180.909*] unsat=23
 98 sw=200,200,200,200,200,200,200,200,200,200,200,200,200,200,200,200 ke=283.6203 drift=10434.9375 imp=0.0000 [-1.00 265.399*] unsat=27
 99 sw=200,200,200,200,200,200,200,200,200,200,200,200,200,200,200,200 ke=25.8812 drift=10207.7540 imp=0.0000 [1.00 -18.868*] unsat=31
100 sw=200,200,200,200,200,200,200,200,200,200,200,200,200,200,200,200 ke=35.6890 drift=10229.0745 imp=0.0000 [1.00 -108.706*] unsat=25
101 sw=200,200,200,200,200,200,200,200,200,200,200,200,200,200,200,200 ke=40.6642 drift=10237.1827 imp=0.0000 [-1.00 130.395*] unsat=29
102 sw=200,200,200,200,200,200,200,200,200,200,200,200,200,200,200,200 ke=19.7452 drift=10218.0296 imp=0.0000 [1.00 -91.073*] unsat=29
103 sw=200,200,200,200,200,200,200,200,200,200,200,200,200,200,200,200 ke=4.4764 drift=10203.4851 imp=0.0000 [-1.00 43.125*] unsat=28
104 sw=200,200,200,200,200,200,200,200,200,200,200,200,200,200,200,200 ke=0.2523 drift=10199.1656 imp=0.0000 [1.00 -9.785*] unsat=29
105 sw=200,200,200,200,200,200,200,200,200,200,200,200,200,200,200,200 ke=0.1149 drift=10199.2671 imp=0.0000 [1.00 -6.750*] unsat=29
106 sw=200,200,200,200,200,200,200,200,200,200,200,200,200,200,200,200 ke=0.2544 drift=10199.4088 imp=0.0000 [-1.00 10.505*] unsat=29
107 sw=200,200,200,200,200,200,200,200,200,200,200,200,200,200,200,200 ke=0.1406 drift=10199.3927 imp=0.0000 [1.00 -7.757*] unsat=29
108 sw=200,200,200,200,200,200,200,200,200,200,200,200,200,200,200,200 ke=0.0322 drift=10199.3162 imp=0.0000 [-1.00 3.640*] unsat=29
109 sw=200,200,200,200,200,200,200,200,200,200,200,200,200,200,200,200 ke=0.0025 drift=10199.2864 imp=0.0000 [1.00 -1.019*] unsat=29
110 sw=200,200,200,200,200,200,200,200,200,200,200,200,200,200,200,200 ke=0.0000 drift=10199.2895 imp=0.0000 [0.51 0.182] unsat=29
111 sw=200,200,200,200,200,200,200,200,200,200,200,200,200,200,200,200 ke=0.0000 drift=10199.2873 imp=0.0000 [0.64 0.034] unsat=29
112 sw=200,200,200,200,200,200,200,200,200,200,200,200,200,200,200,200 ke=0.0000 drift=10199.2882 imp=0.0000 [0.69 -0.035] unsat=29
113 sw=200,200,200,200,200,200,200,200,200,200,200,200,200,200,200,200 ke=0.0000 drift=10199.2879 imp=0.0000 [0.65 0.017] unsat=29
114 sw=200,200,200,200,200,200,200,200,200,200,200,200,200,200,200,200 ke=0.0000 drift=10199.2880 imp=0.0000 [0.67 -0.006] unsat=29
115 sw=200,200,200,200,200,200,200,200,200,200,200,200,200,200,200,200 ke=0.0000 drift=10199.2880 imp=0.0000 [0.67 0.002] unsat=29
116 sw=200,200,200,200,200,200,200,200,200,200,200,200,200,200,200,200 ke=0.0000 drift=10199.2880 imp=0.0000 [0.67 -0.000] unsat=29
117 sw=200,200,200,200,200,200,200,200,200,200,200,200,200,200,200,200 ke=0.0000 drift=10199.2880 imp=0.0000 [0.67 0.000] unsat=29
118 sw=200,200,200,200,200,200,200,200,200,200,200,200,200,200,200,200 ke=0.0000 drift=10199.2880 imp=0.0000 [0.67 0.000] unsat=29
119 sw=200,200,200,200,200,200,200,200,200,200,200,200,200,200,200,200 ke=0.0000 drift=10199.2880 imp=0.0000 [0.67 -0.000] unsat=29
120 sw=200,200,200,200,200,200,200,200,200,200,200,200,200,200,200,200 ke=0.0000 drift=10199.2880 imp=0.0000 [0.67 0.000] unsat=29
121 sw=200,200,200,200,200,200,200,200,200,200,200,200,200,200,200,200 ke=0.0000 drift=10199.2880 imp=0.0000 [0.67 -0.000] unsat=29
122 sw=200,200,200,200,200,200,200,200,200,200,200,200,200,200,200,200 ke=0.0000 drift=10199.2880 imp=0.0000 [0.67 0.000] unsat=29
123 sw=200,200,200,200,200,200,200,200,200,200,200,200,200,200,200,200 ke=0.0000 drift=10199.2880 imp=0.0000 [0.67 -0.000] unsat=29
124 sw=200,200,200,200,200,200,200,200,200,200,200,200,200,200,200,200 ke=0.0000 drift=10199.2880 imp=0.0000 [0.67 -0.000] unsat=29
125 sw=200,200,200,200,200,200,200,200,200,200,200,200,200,200,200,200 ke=0.0000 drift=10199.2880 imp=0.0000 [0.67 0.000] unsat=29
126 sw=200,200,200,200,200,200,200,200,200,200,200,200,200,200,200,200 ke=0.0000 drift=10199.2880 imp=0.0000 [0.67 -0.000] unsat=29
127 sw=200,200,200,200,200,200,200,200,200,200,200,200,200,200,200,200 ke=0.0000 drift=10199.2880 imp=0.0000 [0.67 0.000] unsat=29
128 sw=200,200,200,200,200,200,200,200,200,200,200,200,200,200,200,200 ke=0.0000 drift=10199.2880 imp=0.0000 [0.67 -0.000] unsat=29
129 sw=200,200,200,200,200,200,200,200,200,200,200,200,200,200,200,200 ke=0.0000 drift=10199.2880 imp=0.0000 [0.67 0.000] unsat=29
130 sw=200,200,200,200,200,200,200,200,200,200,200,200,200,200,200,200 ke=0.0000 drift=10199.2880 imp=0.0000 [0.67 0.000] unsat=29
131 sw=200,200,200,200,200,200,200,200,200,200,200,200,200,200,200,200 ke=0.0000 drift=10199.2880 imp=0.0000 [0.67 0.000] unsat=29
132 sw=200,200,200,200,200,200,200,200,200,200,200,200,200,200,200,200 ke=0.0000 drift=10199.2880 imp=0.0000 [0.67 -0.000] unsat=29
133 sw=200,200,200,200,200,200,200,200,200,200,200,200,200,200,200,200 ke=0.0000 drift=10199.2880 imp=0.0000 [0.67 -0.000] unsat=29
134 sw=200,200,200,200,200,200,200,200,200,200,200,200,200,200,200,200 ke=0.0000 drift=10199.2880 imp=0.0000 [0.67 0.000] unsat=29
135 sw=200,200,200,200,200,200,200,200,200,200,200,200,200,200,200,200 ke=0.0000 drift=10199.2880 imp=0.0000 [0.67 0.000] unsat=29
136 sw=200,200,200,200,200,200,200,200,200,200,200,200,200,200,200,200 ke=0.0000 drift=10199.2880 imp=0.0000 [0.67 0.000] unsat=29
137 sw=200,200,200,200,200,200,200,200,200,200,200,200,200,200,200,200 ke=0.0000 drift=10199.2880 imp=0.0000 [0.67 0.000] unsat=29
138 sw=200,200,200,200,200,200,200,200,200,200,200,200,200,200,200,200 ke=0.0000 drift=10199.2880 imp=0.0000 [0.67 0.000] unsat=29
139 sw=200,200,200,200,200,200,200,200,200,200,200,200,200,200,200,200 ke=0.0000 drift=10199.2880 imp=0.0000 [0.67 0.000] unsat=29
140 sw=200,200,200,200,200,200,200,200,200,200,200,200,200,200,200,200 ke=0.0000 drift=10199.2880 imp=0.0000 [0.67 -0.000] unsat=29
141 sw=200,200,200,200,200,200,200,200,200,200,200,200,200,200,200,200 ke=0.0000 drift=10199.2880 imp=0.0000 [0.67 0.000] unsat=29
142 sw=200,200,200,200,200,200,200,200,200,200,200,200,200,200,200,200 ke=0.0000 drift=10199.2880 imp=0.0000 [0.67 -0.000] unsat=29
143 sw=200,200,200,200,200,200,200,200,200,200,200,200,200,200,200,200 ke=0.0000 drift=10199.2880 imp=0.0000 [0.67 0.000] unsat=29
144 sw=200,200,200,200,200,200,200,200,200,200,200,200,200,200,200,200 ke=0.0000 drift=10199.2880 imp=0.0000 [0.67 -0.000] unsat=29
145 sw=200,200,200,200,200,200,200,200,200,200,200,200,200,200,200,200 ke=0.0000 drift=10199.2880 imp=0.0000 [0.67 -0.000] unsat=29
146 sw=200,200,200,200,200,200,200,200,200,200,200,200,200,200,200,200 ke=0.0000 drift=10199.2880 imp=0.0000 [0.67 0.000] unsat=29
147 sw=200,200,200,200,200,200,200,200,200,200,200,200,200,200,200,200 ke=0.0000 drift=10199.2880 imp=0.0000 [0.67 0.000] unsat=29
148 sw=200,200,200,200,200,200,200,200,200,200,200,200,200,200,200,200 ke=0.0000 drift=10199.2880 imp=0.0000 [0.67 -0.000] unsat=29
149 sw=200,200,200,200,200,200,200,200,200,200,200,200,200,200,200,200 ke=0.0000 drift=10199.2880 imp=0.0000 [0.67 0.000] unsat=29
150 sw=200,200,200,200,200,200,200,200,200,200,200,200,200,200,200,200 ke=0.0000 drift=10199.2880 imp=0.0000 [0.67 0.000] unsat=29
151 sw=200,200,200,200,200,200,200,200,200,200,200,200,200,200,200,200 ke=0.0000 drift=10199.2880 imp=0.0000 [0.67 0.000] unsat=29
152 sw=200,200,200,200,200,200,200,200,200,200,200,200,200,200,200,200 ke=0.0000 drift=10199.2880 imp=0.0000 [0.67 0.000] unsat=29
153 sw=200,200,200,200,200,200,200,200,200,200,200,200,200,200,200,200 ke=0.0000 drift=10199.2880 imp=0.0000 [0.67 0.000] unsat=29
154 sw=200,200,200,200,200,200,200,200,200,200,200,200,200,200,200,200 ke=0.0000 drift=10199.2880 imp=0.0000 [0.67 0.000] unsat=29
155 sw=200,200,200,200,200,200,200,200,200,200,200,200,200,200,200,200 ke=0.0000 drift=10199.2880 imp=0.0000 [0.67 -0.000] unsat=29
156 sw=200,200,200,200,200,200,200,200,200,200,200,200,200,200,200,200 ke=0.0000 drift=10199.2880 imp=0.0000 [0.67 0.000] unsat=29
157 sw=200,200,200,200,200,200,200,200,200,200,200,200,200,200,200,200 ke=0.0000 drift=10199.2880 imp=0.0000 [0.67 -0.000] unsat=29
158 sw=200,200,200,200,200,200,200,200,200,200,200,200,200,200,200,200 ke=0.0000 drift=10199.2880 imp=0.0000 [0.67 -0.000] unsat=29
159 sw=200,200,200,200,200,200,200,200,200,200,200,200,200,200,200,200 ke=0.0000 drift=10199.2880 imp=0.0000 [0.67 0.000] unsat=29
160 sw=200,200,200,200,200,200,200,200,200,200,200,200,200,200,200,200 ke=0.0000 drift=10199.2880 imp=0.0000 [0.67 -0.000] unsat=29
161 sw=200,200,200,200,200,200,200,200,200,200,200,200,200,200,200,200 ke=0.0000 drift=10199.2880 imp=0.0000 [0.67 0.000] unsat=29
162 sw=200,200,200,200,200,200,200,200,200,200,200,200,200,200,200,200 ke=0.0000 drift=10199.2880 imp=0.0000 [0.67 -0.000] unsat=29
163 sw=200,200,200,200,200,200,200,200,200,200,200,200,200,200,200,200 ke=0.0000 drift=10199.2880 imp=0.0000 [0.67 0.000] unsat=29
164 sw=200,200,200,200,200,200,200,200,200,200,200,200,200,200,200,200 ke=0.0000 drift=10199.2880 imp=0.0000 [0.67 -0.000] unsat=29
165 sw=200,200,200,200,200,200,200,200,200,200,200,200,200,200,200,200 ke=0.0000 drift=10199.2880 imp=0.0000 [0.67 -0.000] unsat=29
166 sw=200,200,200,200,200,200,200,200,200,200,200,200,200,200,200,200 ke=0.0000 drift=10199.2880 imp=0.0000 [0.67 -0.000] unsat=29
167 sw=200,200,200,200,200,200,200,200,200,200,200,200,200,200,200,200 ke=0.0000 drift=10199.2880 imp=0.0000 [0.67 0.000] unsat=29
168 sw=200,200,200,200,200,200,200,200,200,200,200,200,200,200,200,200 ke=0.0000 drift=10199.2880 imp=0.0000 [0.67 0.000] unsat=29
169 sw=200,200,200,200,200,200,200,200,200,200,200,200,200,200,200,200 ke=0.0000 drift=10199.2880 imp=0.0000 [0.67 -0.000] unsat=29
170 sw=200,200,200,200,200,200,200,200,200,200,200,200,200,200,200,200 ke=0.0000 drift=10199.2880 imp=0.0000 [0.67 -0.000] unsat=29
171 sw=200,200,200,200,200,200,200,200,200,200,200,200,200,200,200,200 ke=0.0000 drift=10199.2880 imp=0.0000 [0.67 -0.000] unsat=29
172 sw=200,200,200,200,200,200,200,200,200,200,200,200,200,200,200,200 ke=0.0000 drift=10199.2880 imp=0.0000 [0.67 0.000] unsat=29
173 sw=200,200,200,200,200,200,200,200,200,200,200,200,200,200,200,200 ke=0.0000 drift=10199.2880 imp=0.0000 [0.67 0.000] unsat=29
174 sw=200,200,200,200,200,200,200,200,200,200,200,200,200,200,200,200 ke=0.0000 drift=10199.2880 imp=0.0000 [0.67 0.000] unsat=29
175 sw=200,200,200,200,200,200,200,200,200,200,200,200,200,200,200,200 ke=0.0000 drift=10199.2880 imp=0.0000 [0.67 -0.000] unsat=29
176 sw=200,200,200,200,200,200,200,200,200,200,200,200,200,200,200,200 ke=0.0000 drift=10199.2880 imp=0.0000 [0.67 0.000] unsat=29
177 sw=200,200,200,200,200,200,200,200,200,200,200,200,200,200,200,200 ke=0.0000 drift=10199.2880 imp=0.0000 [0.67 0.000] unsat=29
178 sw=200,200,200,200,200,200,200,200,200,200,200,200,200,200,200,200 ke=0.0000 drift=10199.2880 imp=0.0000 [0.67 -0.000] unsat=29
179 sw=200,200,200,200,200,200,200,200,200,200,200,200,200,200,200,200 ke=0.0000 drift=10199.2880 imp=0.0000 [0.67 -0.000] unsat=29