gravity=true collisions=false floor=false motors=[[-1.0471975511965976,1]] extent=1.6970562765335881
  0 sw=200,200,173,200,200,200,200,200,200,200,200,200,200,200,200,200 ke=0.0133 drift=0.0000 imp=0.0000 [0.17 -1.053] unsat=0
  1 sw=200,200,200,200,200,200,200,200,200,200,200,200,200,200,200,200 ke=0.0508 drift=0.0003 imp=0.0000 [0.19 -1.053] unsat=0
  2 sw=200,200,200,200,200,200,200,200,200,200,200,200,200,200,200,200 ke=0.1109 drift=0.0013 imp=0.0000 [0.21 -1.053] unsat=0
  3 sw=200,200,200,200,200,200,200,200,200,200,200,200,200,200,200,200 ke=0.1915 drift=0.0029 imp=0.0000 [0.23 -1.053] unsat=0
  4 sw=200,200,200,200,200,200,200,200,200,200,200,200,200,200,200,200 ke=0.2909 drift=0.0051 imp=0.0000 [0.24 -1.054] unsat=0
  5 sw=200,200,200,200,200,200,200,200,200,200,200,200,200,200,200,200 ke=0.4073 drift=0.0078 imp=0.0000 [0.26 -1.054] unsat=0
  6 sw=200,200,200,200,200,200,200,200,200,200,200,200,200,200,200,200 ke=0.5393 drift=0.0109 imp=0.0000 [0.28 -1.054] unsat=0
  7 sw=200,200,200,200,200,200,200,200,200,200,200,200,200,200,200,200 ke=0.6852 drift=0.0145 imp=0.0000 [0.29 -1.054] unsat=0
  8 sw=200,200,200,200,200,200,200,200,200,200,200,200,200,200,200,200 ke=0.8438 drift=0.0184 imp=0.0000 [0.31 -1.055] unsat=0
  9 sw=200,200,200,200,200,200,200,200,200,200,200,200,200,200,200,200 ke=1.0138 drift=0.0227 imp=0.0000 [0.32 -1.055] unsat=0
 10 sw=200,200,200,200,200,200,200,200,200,200,200,200,200,200,200,200 ke=1.1939 drift=0.0273 imp=0.0000 [0.34 -1.055] unsat=0
 11 sw=200,200,200,200,200,200,200,200,200,200,200,200,200,200,200,200 ke=1.3830 drift=0.0321 imp=0.0000 [0.35 -1.055] unsat=0
 12 sw=200,200,200,200,200,200,200,200,200,200,200,200,200,200,200,200 ke=1.5802 drift=0.0371 imp=0.0000 [0.36 -1.055] unsat=0
 13 sw=200,200,200,200,200,200,200,200,200,200,200,200,200,200,200,200 ke=1.7844 drift=0.0424 imp=0.0000 [0.38 -1.055] unsat=0
 14 sw=200,200,200,200,200,200,200,200,200,200,200,200,200,200,200,200 ke=1.9948 drift=0.0478 imp=0.0000 [0.39 -1.056] unsat=0
 15 sw=200,200,200,200,200,200,200,200,200,200,200,200,200,200,200,200 ke=2.2105 drift=0.0534 imp=0.0000 [0.40 -1.056] unsat=0
 16 sw=200,200,200,200,200,200,200,200,200,200,200,200,200,200,200,200 ke=2.4307 drift=0.0591 imp=0.0000 [0.41 -1.056] unsat=0
 17 sw=200,200,200,200,200,200,200,200,200,200,200,200,200,200,200,200 ke=2.6548 drift=0.0649 imp=0.0000 [0.43 -1.056] unsat=0
 18 sw=200,200,200,200,200,200,200,200,200,200,200,200,200,200,200,200 ke=2.8821 drift=0.0708 imp=0.0000 [0.44 -1.056] unsat=0
 19 sw=200,200,200,200,200,200,200,200,200,200,200,200,200,200,200,200 ke=3.1119 drift=0.0768 imp=0.0000 [0.45 -1.056] unsat=0
 20 sw=200,200,200,200,200,200,200,200,200,200,200,200,200,200,200,200 ke=3.3437 drift=0.0828 imp=0.0000 [0.46 -1.056] unsat=0
 21 sw=200,200,200,200,200,200,200,200,200,200,200,200,200,200,200,200 ke=3.5770 drift=0.0888 imp=0.0000 [0.47 -1.056] unsat=0
 22 sw=200,200,200,200,200,200,200,200,200,200,200,200,200,200,200,200 ke=3.8112 drift=0.0948 imp=0.0000 [0.48 -1.056] unsat=0
 23 sw=200,200,200,200,200,200,200,200,200,200,200,200,200,200,200,200 ke=4.0461 drift=0.1009 imp=0.0000 [0.49 -1.056] unsat=0
 24 sw=200,200,200,200,200,200,200,200,200,200,200,200,200,200,200,200 ke=4.2810 drift=0.1070 imp=0.0000 [0.50 -1.057] unsat=0
 25 sw=200,200,200,200,200,200,200,200,200,200,200,200,200,200,200,200 ke=4.5157 drift=0.1130 imp=0.0000 [0.51 -1.057] unsat=0
 26 sw=200,200,200,200,200,200,200,200,200,200,200,200,200,200,200,200 ke=4.7498 drift=0.1190 imp=0.0000 [0.52 -1.057] unsat=0
 27 sw=200,200,200,200,200,200,200,200,200,200,200,200,200,200,200,200 ke=4.9831 drift=0.1250 imp=0.0000 [0.53 -1.057] unsat=0
 28 sw=200,200,200,200,200,200,200,200,200,200,200,200,200,200,200,200 ke=5.2151 drift=0.1310 imp=0.0000 [0.53 -1.057] unsat=0
 29 sw=200,200,200,200,200,200,200,200,200,200,200,200,200,200,200,200 ke=5.4457 drift=0.1369 imp=0.0000 [0.54 -1.057] unsat=0
 30 sw=200,200,200,200,200,200,200,200,200,200,200,200,200,200,200,200 ke=5.6746 drift=0.1427 imp=0.0000 [0.55 -1.057] unsat=0
 31 sw=200,200,200,200,200,200,200,200,200,200,200,200,200,200,200,200 ke=5.9016 drift=0.1485 imp=0.0000 [0.56 -1.057] unsat=0
 32 sw=200,200,200,200,200,200,200,200,200,200,200,200,200,200,200,200 ke=6.1265 drift=0.1542 imp=0.0000 [0.57 -1.057] unsat=0
 33 sw=200,200,200,200,200,200,200,200,200,200,200,200,200,200,200,200 ke=6.3491 drift=0.1599 imp=0.0000 [0.57 -1.057] unsat=0
 34 sw=200,200,200,200,200,200,200,200,200,200,200,200,200,200,200,200 ke=6.5693 drift=0.1655 imp=0.0000 [0.58 -1.057] unsat=0
 35 sw=200,200,200,200,200,200,200,200,200,200,200,200,200,200,200,200 ke=6.7869 drift=0.1710 imp=0.0000 [0.59 -1.057] unsat=0
 36 sw=200,200,200,200,200,200,200,200,200,200,200,200,200,200,200,200 ke=7.0018 drift=0.1765 imp=0.0000 [0.59 -1.057] unsat=0
 37 sw=200,200,200,200,200,200,200,200,200,200,200,200,200,200,200,200 ke=7.2139 drift=0.1819 imp=0.0000 [0.60 -1.057] unsat=0
 38 sw=200,200,200,200,200,200,200,200,200,200,200,200,200,200,200,200 ke=7.4231 drift=0.1872 imp=0.0000 [0.61 -1.057] unsat=0
 39 sw=200,200,200,200,200,200,200,200,200,200,200,200,200,200,200,200 ke=7.6294 drift=0.1924 imp=0.0000 [0.61 -1.057] unsat=0
 40 sw=200,200,200,200,200,200,200,200,200,200,200,200,200,200,200,200 ke=7.8325 drift=0.1975 imp=0.0000 [0.62 -1.057] unsat=0
 41 sw=200,200,200,200,200,200,200,200,200,200,200,200,200,200,200,200 ke=8.0325 drift=0.2026 imp=0.0000 [0.63 -1.057] unsat=0
 42 sw=200,200,200,200,200,200,200,200,200,200,200,200,200,200,200,200 ke=8.2294 drift=0.2076 imp=0.0000 [0.63 -1.057] unsat=0
 43 sw=200,200,200,200,200,200,200,200,200,200,200,200,200,200,200,200 ke=8.4230 drift=0.2125 imp=0.0000 [0.64 -1.058] unsat=0
 44 sw=200,200,200,200,200,200,200,200,200,200,200,200,200,200,200,200 ke=8.6135 drift=0.2174 imp=0.0000 [0.64 -1.058] unsat=0
 45 sw=200,200,200,200,200,200,200,200,200,200,200,200,200,200,200,200 ke=8.8006 drift=0.2223 imp=0.0000 [0.65 -1.058] unsat=0
 46 sw=200,200,200,200,200,200,200,200,200,200,200,200,200,200,200,200 ke=8.9846 drift=0.2271 imp=0.0000 [0.65 -1.058] unsat=0
 47 sw=200,200,200,200,200,200,200,200,200,200,200,200,200,200,200,200 ke=9.1653 drift=0.2320 imp=0.0000 [0.66 -1.058] unsat=0
 48 sw=200,200,200,200,200,200,200,200,200,200,200,200,200,200,200,200 ke=9.3430 drift=0.2372 imp=0.0000 [0.66 -1.057] unsat=0
 49 sw=200,200,200,200,200,200,200,200,200,200,200,200,200,200,200,200 ke=9.5182 drift=0.2432 imp=0.0000 [0.66 -1.057] unsat=0
 50 sw=200,200,200,200,200,200,200,200,200,200,200,200,200,200,200,200 ke=9.6943 drift=0.2544 imp=0.0000 [0.68 -1.056] unsat=0
 51 sw=200,200,200,200,200,200,200,200,200,200,200,200,200,200,200,200 ke=9.1823 drift=-0.4383 imp=0.0000 [1.00 -17.546*] unsat=2
 52 sw=200,200,200,200,200,200,200,200,200,200,200,200,200,200,200,200 ke=0.3888 drift=-9.6062 imp=0.0000 [-1.00 14.245*] unsat=2
 53 sw=200,200,200,200,200,200,200,200,200,200,200,200,200,200,200,200 ke=1.3202 drift=-7.8369 imp=0.0000 [1.00 -47.349*] unsat=2
 54 sw=200,200,200,200,200,200,200,200,200,200,200,200,200,200,200,200 ke=0.9568 drift=-7.5491 imp=0.0000 [1.00 -37.636*] unsat=0
 55 sw=200,200,200,200,200,200,200,200,200,200,200,200,200,200,200,200 ke=0.4659 drift=-7.6912 imp=0.0000 [1.00 -18.348*] unsat=0
 56 sw=200,200,200,200,200,200,200,200,200,200,200,200,200,200,200,200 ke=0.2299 drift=-7.7851 imp=0.0000 [1.00 -1.778*] unsat=0
 57 sw=200,200,200,200,200,200,200,200,200,200,200,200,200,200,200,200 ke=0.1234 drift=-7.7898 imp=0.0000 [0.09 -1.047] unsat=0
 58 sw=200,200,200,200,200,200,200,200,200,200,200,200,200,200,200,200 ke=0.0517 drift=-7.7929 imp=0.0000 [0.11 -1.047] unsat=0
 59 sw=200,200,200,200,200,200,200,200,200,200,200,200,200,200,200,200 ke=0.0116 drift=-7.7949 imp=0.0000 [0.13 -1.048] unsat=0
 60 sw=200,200,200,200,200,200,200,200,200,200,200,200,200,200,200,200 ke=0.0004 drift=-7.7961 imp=0.0000 [0.15 -1.048] unsat=0
 61 sw=200,200,200,200,200,200,200,200,200,200,200,200,200,200,200,200 ke=0.0158 drift=-7.7964 imp=0.0000 [0.17 -1.048] unsat=0
 62 sw=200,200,200,200,200,200,200,200,200,200,200,200,200,200,200,200 ke=0.0557 drift=-7.7960 imp=0.0000 [0.19 -1.049] unsat=0
 63 sw=200,200,200,200,200,200,200,200,200,200,200,200,200,200,200,200 ke=0.1180 drift=-7.7949 imp=0.0000 [0.21 -1.049] unsat=0
 64 sw=200,200,200,200,200,200,200,200,200,200,200,200,200,200,200,200 ke=0.2007 drift=-7.7931 imp=0.0000 [0.23 -1.049] unsat=0
 65 sw=200,200,200,200,200,200,200,200,200,200,200,200,200,200,200,200 ke=0.3021 drift=-7.7906 imp=0.0000 [0.24 -1.049] unsat=0
 66 sw=200,200,200,200,200,200,200,200,200,200,200,200,200,200,200,200 ke=0.4206 drift=-7.7875 imp=0.0000 [0.26 -1.050] unsat=0
 67 sw=200,200,200,200,200,200,200,200,200,200,200,200,200,200,200,200 ke=0.5547 drift=-7.7838 imp=0.0000 [0.27 -1.050] unsat=0
 68 sw=200,200,200,200,200,200,200,200,200,200,200,200,200,200,200,200 ke=0.0355 drift=-8.2939 imp=0.0000 [-1.00 10.071*] unsat=0
 69 sw=200,200,200,200,200,200,200,200,200,200,200,200,200,200,200,200 ke=0.0005 drift=-8.3162 imp=0.0000 [0.16 -1.049] unsat=0
 70 sw=200,200,200,200,200,200,200,200,200,200,200,200,200,200,200,200 ke=0.0176 drift=-8.3159 imp=0.0000 [0.18 -1.050] unsat=0
 71 sw=200,200,200,200,200,200,200,200,200,200,200,200,200,200,200,200 ke=0.0021 drift=-8.3287 imp=0.0000 [-1.00 1.389*] unsat=0
 72 sw=200,200,200,200,200,200,200,200,200,200,200,200,200,200,200,200 ke=0.0032 drift=-8.3332 imp=0.0000 [0.08 -1.034] unsat=0
 73 sw=200,200,200,200,200,200,200,200,200,200,200,200,200,200,200,200 ke=0.0004 drift=-8.3348 imp=0.0000 [0.08 -1.036] unsat=0
 74 sw=200,200,200,200,200,200,200,200,200,200,200,200,200,200,200,200 ke=0.0003 drift=-8.3348 imp=0.0000 [0.03 -1.029] unsat=0
 75 sw=200,200,200,200,200,200,200,200,200,200,200,200,200,200,200,200 ke=0.0003 drift=-8.3349 imp=0.0000 [0.00 -1.023] unsat=0
 76 sw=200,200,200,200,200,200,200,200,200,200,200,200,200,200,200,200 ke=0.0003 drift=-8.3350 imp=0.0000 [-0.01 -1.021] unsat=0
 77 sw=200,200,200,200,200,200,200,200,200,200,200,200,200,200,200,200 ke=0.0003 drift=-8.3350 imp=0.0000 [-0.01 -1.020] unsat=0
 78 sw=200,200,200,200,200,200,200,200,200,200,200,200,200,200,200,200 ke=0.0003 drift=-8.3351 imp=0.0000 [-0.01 -1.020] unsat=0
 79 sw=200,200,200,200,200,200,200,200,200,200,200,200,200,200,200,200 ke=0.0003 drift=-8.3351 imp=0.0000 [-0.01 -1.020] unsat=0
 80 sw=200,200,200,200,200,200,200,200,200,200,200,200,200,200,200,200 ke=0.0003 drift=-8.3351 imp=0.0000 [-0.01 -1.020] unsat=0
 81 sw=200,200,200,200,200,200,200,200,200,200,200,200,200,200,200,200 ke=0.0003 drift=-8.3351 imp=0.0000 [-0.01 -1.020] unsat=0
 82 sw=200,200,200,200,200,200,200,200,200,200,200,200,200,200,200,200 ke=0.0003 drift=-8.3351 imp=0.0000 [-0.01 -1.020] unsat=0
 83 sw=200,200,200,200,200,200,200,200,200,200,200,200,200,200,200,200 ke=0.0003 drift=-8.3351 imp=0.0000 [-0.01 -1.020] unsat=0
 84 sw=200,200,200,200,200,200,200,200,200,200,200,200,200,200,200,200 ke=0.0003 drift=-8.3352 imp=0.0000 [-0.01 -1.020] unsat=0
 85 sw=200,200,200,200,200,200,200,200,200,200,200,200,200,200,200,200 ke=0.0003 drift=-8.3352 imp=0.0000 [-0.01 -1.020] unsat=0
 86 sw=200,200,200,200,200,200,200,200,200,200,200,200,200,200,200,200 ke=0.0003 drift=-8.3352 imp=0.0000 [-0.01 -1.020] unsat=0
 87 sw=200,200,200,200,200,200,200,200,200,200,200,200,200,200,200,200 ke=0.0003 drift=-8.3352 imp=0.0000 [-0.01 -1.020] unsat=0
 88 sw=200,200,200,200,200,200,200,200,200,200,200,200,200,200,200,200 ke=0.0003 drift=-8.3352 imp=0.0000 [-0.01 -1.020] unsat=0
 89 sw=200,200,200,200,200,200,200,200,200,200,200,200,200,200,200,200 ke=0.0003 drift=-8.3352 imp=0.0000 [-0.01 -1.020] unsat=0
 90 sw=200,200,200,200,200,200,200,200,200,200,200,200,200,200,200,200 ke=0.0003 drift=-8.3352 imp=0.0000 [-0.01 -1.020] unsat=0
 91 sw=200,200,200,200,200,200,200,200,200,200,200,200,200,200,200,200 ke=0.0003 drift=-8.3353 imp=0.0000 [-0.01 -1.020] unsat=0
 92 sw=200,200,200,200,200,200,200,200,200,200,200,200,200,200,200,200 ke=0.0003 drift=-8.3353 imp=0.0000 [-0.01 -1.020] unsat=0
 93 sw=200,200,200,200,200,200,200,200,200,200,200,200,200,200,200,200 ke=0.0003 drift=-8.3353 imp=0.0000 [-0.01 -1.020] unsat=0
 94 sw=200,200,200,200,200,200,200,200,200,200,200,200,200,200,200,200 ke=0.0003 drift=-8.3353 imp=0.0000 [-0.01 -1.020] unsat=0
 95 sw=200,200,200,200,200,200,200,200,200,200,200,200,200,200,200,200 ke=0.0003 drift=-8.3353 imp=0.0000 [-0.01 -1.020] unsat=0
 96 sw=200,200,200,200,200,200,200,200,200,200,200,200,200,200,200,200 ke=0.0003 drift=-8.3353 imp=0.0000 [-0.01 -1.020] unsat=0
 97 sw=200,200,200,200,200,200,200,200,200,200,200,200,200,200,200,200 ke=0.0003 drift=-8.3353 imp=0.0000 [-0.01 -1.020] unsat=0
 98 sw=200,200,200,200,200,200,200,200,200,200,200,200,200,200,200,200 ke=0.0003 drift=-8.3354 imp=0.0000 [-0.01 -1.020] unsat=0
 99 sw=200,200,200,200,200,200,200,200,200,200,200,200,200,200,200,200 ke=0.0003 drift=-8.3354 imp=0.0000 [-0.01 -1.020] unsat=0
100 sw=200,200,200,200,200,200,200,200,200,200,200,200,200,200,200,200 ke=0.0003 drift=-8.3354 imp=0.0000 [-0.01 -1.020] unsat=0
101 sw=200,200,200,200,200,200,200,200,200,200,200,200,200,200,200,200 ke=0.0003 drift=-8.3354 imp=0.0000 [-0.01 -1.020] unsat=0
102 sw=200,200,200,200,200,200,200,200,200,200,200,200,200,200,200,200 ke=0.0003 drift=-8.3354 imp=0.0000 [-0.01 -1.020] unsat=0
103 sw=200,200,200,200,200,200,200,200,200,200,200,200,200,200,200,200 ke=0.0003 drift=-8.3354 imp=0.0000 [-0.01 -1.020] unsat=0
104 sw=200,200,200,200,200,200,200,200,200,200,200,200,200,200,200,200 ke=0.0003 drift=-8.3354 imp=0.0000 [-0.01 -1.020] unsat=0
105 sw=200,200,200,200,200,200,200,200,200,200,200,200,200,200,200,200 ke=0.0003 drift=-8.3354 imp=0.0000 [-0.01 -1.020] unsat=0
106 sw=200,200,200,200,200,200,200,200,200,200,200,200,200,200,200,200 ke=0.0003 drift=-8.3354 imp=0.0000 [-0.01 -1.020] unsat=0
107 sw=200,200,200,200,200,200,200,200,200,200,200,200,200,200,200,200 ke=0.0003 drift=-8.3354 imp=0.0000 [-0.01 -1.020] unsat=0
108 sw=200,200,200,200,200,200,200,200,200,200,200,200,200,200,200,200 ke=0.0003 drift=-8.3355 imp=0.0000 [-0.01 -1.020] unsat=0
109 sw=200,200,200,200,200,200,200,200,200,200,200,200,200,200,200,200 ke=0.0003 drift=-8.3355 imp=0.0000 [-0.01 -1.020] unsat=0
110 sw=200,200,200,200,200,200,200,200,200,200,200,200,200,200,200,200 ke=0.0003 drift=-8.3355 imp=0.0000 [-0.01 -1.020] unsat=0
111 sw=200,200,200,200,200,200,200,200,200,200,200,200,200,200,200,200 ke=0.0003 drift=-8.3355 imp=0.0000 [-0.01 -1.020] unsat=0
112 sw=200,200,200,200,200,200,200,200,200,200,200,200,200,200,200,200 ke=0.0003 drift=-8.3355 imp=0.0000 [-0.01 -1.020] unsat=0
113 sw=200,200,200,200,200,200,200,200,200,200,200,200,200,200,200,200 ke=0.0003 drift=-8.3355 imp=0.0000 [-0.01 -1.020] unsat=0
114 sw=200,200,200,200,200,200,200,200,200,200,200,200,200,200,200,200 ke=0.0003 drift=-8.3355 imp=0.0000 [-0.01 -1.020] unsat=0
115 sw=200,200,200,200,200,200,200,200,200,200,200,200,200,200,200,200 ke=0.0003 drift=-8.3355 imp=0.0000 [-0.01 -1.020] unsat=0
116 sw=200,200,200,200,200,200,200,200,200,200,200,200,200,200,200,200 ke=0.0003 drift=-8.3355 imp=0.0000 [-0.01 -1.020] unsat=0
117 sw=200,200,200,200,200,200,200,200,200,200,200,200,200,200,200,200 ke=0.0003 drift=-8.3355 imp=0.0000 [-0.01 -1.020] unsat=0
118 sw=200,200,200,200,200,200,200,200,200,200,200,200,200,200,200,200 ke=0.0003 drift=-8.3356 imp=0.0000 [-0.01 -1.020] unsat=0
119 sw=200,200,200,200,200,200,200,200,200,200,200,200,200,200,200,200 ke=0.0003 drift=-8.3356 imp=0.0000 [-0.01 -1.020] unsat=0
120 sw=200,200,200,200,200,200,200,200,200,200,200,200,200,200,200,200 ke=0.0003 drift=-8.3356 imp=0.0000 [-0.01 -1.020] unsat=0
121 sw=200,200,200,200,200,200,200,200,200,200,200,200,200,200,200,200 ke=0.0003 drift=-8.3356 imp=0.0000 [-0.01 -1.020] unsat=0
122 sw=200,200,200,200,200,200,200,200,200,200,200,200,200,200,200,200 ke=0.0003 drift=-8.3356 imp=0.0000 [-0.01 -1.020] unsat=0
123 sw=200,200,200,200,200,200,200,200,200,200,200,200,200,200,200,200 ke=0.0003 drift=-8.3356 imp=0.0000 [-0.01 -1.020] unsat=0
124 sw=200,200,200,200,200,200,200,200,200,200,200,200,200,200,200,200 ke=0.0003 drift=-8.3356 imp=0.0000 [-0.01 -1.020] unsat=0
125 sw=200,200,200,200,200,200,200,200,200,200,200,200,200,200,200,200 ke=0.0003 drift=-8.3356 imp=0.0000 [-0.01 -1.020] unsat=0
126 sw=200,200,200,200,200,200,200,200,200,200,200,200,200,200,200,200 ke=0.0003 drift=-8.3356 imp=0.0000 [-0.01 -1.020] unsat=0
127 sw=200,200,200,200,200,200,200,200,200,200,200,200,200,200,200,200 ke=0.0003 drift=-8.3356 imp=0.0000 [-0.01 -1.020] unsat=0
128 sw=200,200,200,200,200,200,200,200,200,200,200,200,200,200,200,200 ke=0.0003 drift=-8.3356 imp=0.0000 [-0.01 -1.020] unsat=0
129 sw=200,200,200,200,200,200,200,200,200,200,200,200,200,200,200,200 ke=0.0003 drift=-8.3356 imp=0.0000 [-0.01 -1.020] unsat=0
130 sw=200,200,200,200,200,200,200,200,200,200,200,200,200,200,200,200 ke=0.0003 drift=-8.3357 imp=0.0000 [-0.01 -1.020] unsat=0
131 sw=200,200,200,200,200,200,200,200,200,200,200,200,200,200,200,200 ke=0.0003 drift=-8.3357 imp=0.0000 [-0.01 -1.020] unsat=0
132 sw=200,200,200,200,200,200,200,200,200,200,200,200,200,200,200,200 ke=0.0003 drift=-8.3357 imp=0.0000 [-0.01 -1.020] unsat=0
133 sw=200,200,200,200,200,200,200,200,200,200,200,200,200,200,200,200 ke=0.0003 drift=-8.3357 imp=0.0000 [-0.01 -1.020] unsat=0
134 sw=200,200,200,200,200,200,200,200,200,200,200,200,200,200,200,200 ke=0.0003 drift=-8.3357 imp=0.0000 [-0.01 -1.020] unsat=0
135 sw=200,200,200,200,200,200,200,200,200,200,200,200,200,200,200,200 ke=0.0003 drift=-8.3357 imp=0.0000 [-0.01 -1.020] unsat=0
136 sw=200,200,200,200,200,200,200,200,200,200,200,200,200,200,200,200 ke=0.0003 drift=-8.3357 imp=0.0000 [-0.01 -1.020] unsat=0
137 sw=200,200,200,200,200,200,200,200,200,200,200,200,200,200,200,200 ke=0.0003 drift=-8.3357 imp=0.0000 [-0.01 -1.020] unsat=0
138 sw=200,200,200,200,200,200,200,200,200,200,200,200,200,200,200,200 ke=0.0003 drift=-8.3357 imp=0.0000 [-0.01 -1.020] unsat=0
139 sw=200,200,200,200,200,200,200,200,200,200,200,200,200,200,200,200 ke=0.0003 drift=-8.3357 imp=0.0000 [-0.01 -1.020] unsat=0
140 sw=200,200,200,200,200,200,200,200,200,200,200,200,200,200,200,200 ke=0.0003 drift=-8.3357 imp=0.0000 [-0.01 -1.020] unsat=0
141 sw=200,200,200,200,200,200,200,200,200,200,200,200,200,200,200,200 ke=0.0003 drift=-8.3357 imp=0.0000 [-0.01 -1.020] unsat=0
142 sw=200,200,200,200,200,200,200,200,200,200,200,200,200,200,200,200 ke=0.0003 drift=-8.3357 imp=0.0000 [-0.01 -1.020] unsat=0
143 sw=200,200,200,200,200,200,200,200,200,200,200,200,200,200,200,200 ke=0.0003 drift=-8.3357 imp=0.0000 [-0.01 -1.020] unsat=0
144 sw=200,200,200,200,200,200,200,200,200,200,200,200,200,200,200,200 ke=0.0003 drift=-8.3357 imp=0.0000 [-0.01 -1.020] unsat=0
145 sw=200,200,200,200,200,200,200,200,200,200,200,200,200,200,200,200 ke=0.0003 drift=-8.3358 imp=0.0000 [-0.01 -1.020] unsat=0
146 sw=200,200,200,200,200,200,200,200,200,200,200,200,200,200,200,200 ke=0.0003 drift=-8.3358 imp=0.0000 [-0.01 -1.020] unsat=0
147 sw=200,200,200,200,200,200,200,200,200,200,200,200,200,200,200,200 ke=0.0003 drift=-8.3358 imp=0.0000 [-0.01 -1.020] unsat=0
148 sw=200,200,200,200,200,200,200,200,200,200,200,200,200,200,200,200 ke=0.0003 drift=-8.3358 imp=0.0000 [-0.01 -1.020] unsat=0
149 sw=200,200,200,200,200,200,200,200,200,200,200,200,200,200,200,200 ke=0.0003 drift=-8.3358 imp=0.0000 [-0.01 -1.020] unsat=0
150 sw=200,200,200,200,200,200,200,200,200,200,200,200,200,200,200,200 ke=0.0003 drift=-8.3358 imp=0.0000 [-0.01 -1.020] unsat=0
151 sw=200,200,200,200,200,200,200,200,200,200,200,200,200,200,200,200 ke=0.0003 drift=-8.3358 imp=0.0000 [-0.01 -1.020] unsat=0
152 sw=200,200,200,200,200,200,200,200,200,200,200,200,200,200,200,200 ke=0.0003 drift=-8.3358 imp=0.0000 [-0.01 -1.020] unsat=0
153 sw=200,200,200,200,200,200,200,200,200,200,200,200,200,200,200,200 ke=0.0003 drift=-8.3358 imp=0.0000 [-0.01 -1.020] unsat=0
154 sw=200,200,200,200,200,200,200,200,200,200,200,200,200,200,200,200 ke=0.0003 drift=-8.3358 imp=0.0000 [-0.01 -1.020] unsat=0
155 sw=200,200,200,200,200,200,200,200,200,200,200,200,200,200,200,200 ke=0.0003 drift=-8.3358 imp=0.0000 [-0.01 -1.020] unsat=0
156 sw=200,200,200,200,200,200,200,200,200,200,200,200,200,200,200,200 ke=0.0003 drift=-8.3358 imp=0.0000 [-0.01 -1.020] unsat=0
157 sw=200,200,200,200,200,200,200,200,200,200,200,200,200,200,200,200 ke=0.0003 drift=-8.3358 imp=0.0000 [-0.01 -1.020] unsat=0
158 sw=200,200,200,200,200,200,200,200,200,200,200,200,200,200,200,200 ke=0.0003 drift=-8.3358 imp=0.0000 [-0.01 -1.020] unsat=0
159 sw=200,200,200,200,200,200,200,200,200,200,200,200,200,200,200,200 ke=0.0003 drift=-8.3358 imp=0.0000 [-0.01 -1.020] unsat=0
160 sw=200,200,200,200,200,200,200,200,200,200,200,200,200,200,200,200 ke=0.0003 drift=-8.3358 imp=0.0000 [-0.01 -1.020] unsat=0
161 sw=200,200,200,200,200,200,200,200,200,200,200,200,200,200,200,200 ke=0.0003 drift=-8.3358 imp=0.0000 [-0.01 -1.020] unsat=0
162 sw=200,200,200,200,200,200,200,200,200,200,200,200,200,200,200,200 ke=0.0003 drift=-8.3358 imp=0.0000 [-0.01 -1.020] unsat=0
163 sw=200,200,200,200,200,200,200,200,200,200,200,200,200,200,200,200 ke=0.0003 drift=-8.3359 imp=0.0000 [-0.01 -1.020] unsat=0
164 sw=200,200,200,200,200,200,200,200,200,200,200,200,200,200,200,200 ke=0.0003 drift=-8.3359 imp=0.0000 [-0.01 -1.020] unsat=0
165 sw=200,200,200,200,200,200,200,200,200,200,200,200,200,200,200,200 ke=0.0003 drift=-8.3359 imp=0.0000 [-0.01 -1.020] unsat=0
166 sw=200,200,200,200,200,200,200,200,200,200,200,200,200,200,200,200 ke=0.0003 drift=-8.3359 imp=0.0000 [-0.01 -1.020] unsat=0
167 sw=200,200,200,200,200,200,200,200,200,200,200,200,200,200,200,200 ke=0.0003 drift=-8.3359 imp=0.0000 [-0.01 -1.020] unsat=0
168 sw=200,200,200,200,200,200,200,200,200,200,200,200,200,200,200,200 ke=0.0003 drift=-8.3359 imp=0.0000 [-0.01 -1.020] unsat=0
169 sw=200,200,200,200,200,200,200,200,200,200,200,200,200,200,200,200 ke=0.0003 drift=-8.3359 imp=0.0000 [-0.01 -1.020] unsat=0
170 sw=200,200,200,200,200,200,200,200,200,200,200,200,200,200,200,200 ke=0.0003 drift=-8.3359 imp=0.0000 [-0.01 -1.020] unsat=0
171 sw=200,200,200,200,200,200,200,200,200,200,200,200,200,200,200,200 ke=0.0003 drift=-8.3359 imp=0.0000 [-0.01 -1.020] unsat=0
172 sw=200,200,200,200,200,200,200,200,200,200,200,200,200,200,200,200 ke=0.0003 drift=-8.3359 imp=0.0000 [-0.01 -1.020] unsat=0
173 sw=200,200,200,200,200,200,200,200,200,200,200,200,200,200,200,200 ke=0.0003 drift=-8.3359 imp=0.0000 [-0.01 -1.020] unsat=0
174 sw=200,200,200,200,200,200,200,200,200,200,200,200,200,200,200,200 ke=0.0003 drift=-8.3359 imp=0.0000 [-0.01 -1.020] unsat=0
175 sw=200,200,200,200,200,200,200,200,200,200,200,200,200,200,200,200 ke=0.0003 drift=-8.3359 imp=0.0000 [-0.01 -1.020] unsat=0
176 sw=200,200,200,200,200,200,200,200,200,200,200,200,200,200,200,200 ke=0.0003 drift=-8.3359 imp=0.0000 [-0.01 -1.020] unsat=0
177 sw=200,200,200,200,200,200,200,200,200,200,200,200,200,200,200,200 ke=0.0003 drift=-8.3359 imp=0.0000 [-0.01 -1.020] unsat=0
178 sw=200,200,200,200,200,200,200,200,200,200,200,200,200,200,200,200 ke=0.0003 drift=-8.3359 imp=0.0000 [-0.01 -1.020] unsat=0
179 sw=200,200,200,200,200,200,200,200,200,200,200,200,200,200,200,200 ke=0.0003 drift=-8.3359 imp=0.0000 [-0.01 -1.020] unsat=0