sw200/sub16                | sw2000/sub16               | sw200/sub64               
  0  -20.00 -0.026*            |  -20.00 -0.026*            |  -20.00 0.017*            
  1  -20.00 -0.053*            |  -20.00 -0.053*            |  -20.00 -0.042*           
  2  -20.00 -0.079*            |  -20.00 -0.079*            |  -20.00 -0.078*           
  3  -20.00 -0.106*            |  -20.00 -0.106*            |  -20.00 -0.104*           
  4  -20.00 -0.133*            |  -20.00 -0.133*            |  -20.00 -0.129*           
  5  -20.00 -0.161*            |  -20.00 -0.161*            |  -20.00 -0.155*           
  6  -20.00 -0.188*            |  -20.00 -0.188*            |  -20.00 -0.181*           
  7  -20.00 -0.216*            |  -20.00 -0.216*            |  -20.00 -0.208*           
  8  -20.00 -0.245*            |  -20.00 -0.245*            |  -20.00 -0.234*           
  9  -20.00 -0.273*            |  -20.00 -0.273*            |  -20.00 -0.262*           
 10  -20.00 -0.303*            |  -20.00 -0.303*            |  -20.00 -0.289*           
 11  -20.00 -0.333*            |  -20.00 -0.333*            |  -20.00 -0.318*           
 12  -20.00 -0.363*            |  -20.00 -0.363*            |  -20.00 -0.346*           
 13  -20.00 -0.394*            |  -20.00 -0.394*            |  -20.00 -0.376*           
 14  -20.00 -0.426*            |  -20.00 -0.426*            |  -20.00 -0.406*           
 15  -20.00 -0.459*            |  -20.00 -0.459*            |  -20.00 -0.437*           
 16  -20.00 -0.492*            |  -20.00 -0.492*            |  -20.00 -0.469*           
 17  -20.00 -0.526*            |  -20.00 -0.526*            |  -20.00 -0.501*           
 18  -20.00 -0.562*            |  -20.00 -0.562*            |  -20.00 -0.535*           
 19  -20.00 -0.598*            |  -20.00 -0.598*            |  -20.00 -0.569*           
 20  -20.00 -0.636*            |  -20.00 -0.636*            |  -20.00 -0.605*           
 21  -20.00 -0.674*            |  -20.00 -0.674*            |  -20.00 -0.642*           
 22  -20.00 -0.714*            |  -20.00 -0.714*            |  -20.00 -0.680*           
 23  -20.00 -0.756*            |  -20.00 -0.756*            |  -20.00 -0.719*           
 24  -20.00 -0.798*            |  -20.00 -0.798*            |  -20.00 -0.760*           
 25  -20.00 -0.843*            |  -20.00 -0.843*            |  -20.00 -0.802*           
 26  -20.00 -0.888*            |  -20.00 -0.888*            |  -20.00 -0.846*           
 27  -20.00 -0.939*            |  -20.00 -0.939*            |  -20.00 -0.892*           
 28  -20.00 -0.986*            |  -20.00 -0.986*            |  -20.00 -0.939*           
 29  -20.00 -1.037*            |  -20.00 -1.037*            |  -20.00 -0.988*           
 30  -20.00 -1.087*            |  -20.00 -1.087*            |  -20.00 -1.039*           
 31  -20.00 -1.172*            |  -20.00 -1.172*            |  -20.00 -1.092*           
 32  -20.00 -1.201*            |  -20.00 -1.201*            |  -20.00 -1.148*           
 33  -20.00 -1.263*            |  -20.00 -1.263*            |  -20.00 -1.206*           
 34  -20.00 -1.320*            |  -20.00 -1.320*            |  -20.00 -1.267*           
 35  -20.00 -1.388*            |  -20.00 -1.388*            |  -20.00 -1.330*           
 36  -20.00 -1.452*            |  -20.00 -1.452*            |  -20.00 -1.396*           
 37  -20.00 -1.515*            |  -20.00 -1.515*            |  -20.00 -1.464*           
 38  -20.00 -1.586*            |  -20.00 -1.586*            |  -20.00 -1.536*           
 39  -20.00 -1.663*            |  -20.00 -1.663*            |  -20.00 -1.610*           
 40  -12.38 -1.712             |  -12.38 -1.712             |  -20.00 -1.688*           
 41  -11.75 -1.767             |  -11.75 -1.767             |  -20.00 -1.769*           
 42  -20.00 -1.770*            |  -20.00 -1.770*            |  -20.00 -1.853*           
 43  -11.06 -1.809             |  -11.06 -1.809             |  -20.00 -1.942*           
 44  -10.67 -1.837             |  -10.67 -1.837             |  -20.00 -2.033*           
 45  -10.43 -1.855             |  -10.43 -1.855             |  -20.00 -2.129*           
 46  -20.00 -1.859*            |  -20.00 -1.859*            |  -20.00 -2.229*           
 47  -20.00 -1.862*            |  -20.00 -1.862*            |  -20.00 -2.318*           
 48  -20.00 -1.877*            |  -20.00 -1.877*            |  -13.17 -2.380            
 49  -20.00 -1.893*            |  -20.00 -1.893*            |  -20.00 -2.428*           
 50   -9.39 -1.938             |   -9.39 -1.938             |  -11.11 -2.454            
 51  -20.00 -1.914*            |  -20.00 -1.914*            |  -10.63 -2.461            
 52   -9.12 -1.950             |   -9.12 -1.950             |  -10.21 -2.468            
 53   -8.94 -1.963             |   -8.94 -1.963             |   -9.82 -2.473            
 54  -20.00 -1.949*            |  -20.00 -1.949*            |   -9.44 -2.479            
 55   -8.54 -1.992             |   -8.54 -1.992             |   -9.08 -2.484            
 56   -8.27 -2.013             |   -8.27 -2.013             |   -8.73 -2.489            
 57   -8.05 -2.027             |   -8.05 -2.027             |   -7.17 -2.488            
 58   -7.77 -2.054             |   -7.77 -2.054             |   -7.47 -2.483            
 59   -7.59 -2.062             |   -7.59 -2.062             |   -7.47 -2.483            
 60   -7.32 -2.080             |   -7.32 -2.080             |   -7.33 -2.485            
 61  -20.00 -2.080*            |  -20.00 -2.080*            |   -7.12 -2.489            
 62   -6.81 -2.117             |   -6.81 -2.117             |   -6.88 -2.493            
 63   -6.53 -2.138             |   -6.53 -2.138             |   -6.64 -2.498            
 64   -6.25 -2.156             |   -6.25 -2.156             |   -6.40 -2.502            
 65   -5.97 -2.182             |   -5.97 -2.182             |   -6.18 -2.506            
 66   -5.73 -2.196             |   -5.73 -2.196             |   -5.96 -2.510            
 67   -5.42 -2.217             |   -5.42 -2.217             |   -5.77 -2.513            
 68  -20.00 -2.220*            |  -20.00 -2.220*            |   -5.60 -2.516            
 69   -4.95 -2.251             |   -4.95 -2.251             |   -5.44 -2.519            
 70   -4.67 -2.272             |   -4.67 -2.272             |   -5.31 -2.521            
 71   -4.37 -2.292             |   -4.37 -2.292             |   -5.20 -2.523            
 72  -20.00 -2.303*            |  -20.00 -2.303*            |   -5.11 -2.525            
 73   -3.84 -2.332             |   -3.84 -2.332             |   -5.05 -2.526            
 74   -3.62 -2.347             |   -3.62 -2.347             |   -5.01 -2.527            
 75   -3.31 -2.370             |   -3.31 -2.370             |   -5.00 -2.527            
 76   -3.02 -2.391             |   -3.02 -2.391             |   -5.01 -2.527            
 77  -20.00 -2.405*            |  -20.00 -2.405*            |   -5.04 -2.526            
 78   -2.41 -2.434             |   -2.41 -2.434             |   -5.10 -2.525            
 79   -2.13 -2.456             |   -2.13 -2.456             |   -5.18 -2.524            
 80   -6.78 -2.449             |   -6.78 -2.449             |   -5.28 -2.522            
 81   -7.22 -2.444             |   -7.22 -2.444             |   -5.40 -2.520            
 82   -7.39 -2.440             |   -7.39 -2.440             |   -5.54 -2.517            
 83   -7.55 -2.436             |   -7.55 -2.436             |   -5.70 -2.515            
 84   -7.68 -2.433             |   -7.68 -2.433             |   -5.88 -2.511            
 85   -7.83 -2.430             |   -7.83 -2.430             |   -6.06 -2.508            
 86   -8.00 -2.426             |   -8.00 -2.426             |   -6.26 -2.505            
 87   -8.18 -2.421             |   -8.18 -2.421             |   -6.47 -2.501            
 88   -5.26 -2.419             |   -5.26 -2.419             |   -6.68 -2.497            
 89   -5.39 -2.415             |   -5.39 -2.415             |   -6.88 -2.493            
 90   -5.54 -2.409             |   -5.54 -2.409             |   -8.45 -2.494            
 91   -5.69 -2.404             |   -5.69 -2.404             |   -8.17 -2.498            
 92   -5.85 -2.398             |   -5.85 -2.398             |   -8.07 -2.499            
 93   -6.02 -2.391             |   -6.02 -2.391             |   -8.07 -2.499            
 94   -6.19 -2.385             |   -6.19 -2.385             |   -8.10 -2.499            
 95   -6.36 -2.379             |   -6.36 -2.379             |   -8.14 -2.498            
 96   -6.53 -2.373             |   -6.53 -2.373             |   -8.16 -2.498            
 97   -6.70 -2.366             |   -6.70 -2.366             |   -8.16 -2.498            
 98   -6.86 -2.361             |   -6.86 -2.361             |   -8.10 -2.499            
 99   -7.01 -2.355             |   -7.01 -2.355             |   -8.00 -2.500            
100   -7.14 -2.350             |   -7.14 -2.350             |   -7.83 -2.503            
101   -7.64 -2.347             |   -7.64 -2.347             |   -7.59 -2.506            
102   -7.47 -2.353             |   -7.47 -2.353             |   -6.31 -2.504            
103   -6.55 -2.358             |   -6.55 -2.358             |   -6.26 -2.504            
104  -20.00 -2.364*            |  -20.00 -2.364*            |   -6.06 -2.508            
105   -6.70 -2.380             |   -6.70 -2.380             |   -5.71 -2.514            
106   -5.05 -2.388             |   -5.05 -2.388             |   -5.26 -2.523            
107   -5.88 -2.397             |   -5.88 -2.397             |   -4.71 -2.532            
108  -20.00 -2.401*            |  -20.00 -2.401*            |   -4.11 -2.543            
109   -4.44 -2.414             |   -4.44 -2.414             |   -3.47 -2.554            
110   -3.03 -2.429             |   -3.03 -2.429             |   -2.85 -2.566            
111   -4.92 -2.441             |   -4.92 -2.441             |   -2.28 -2.576            
112   -4.25 -2.446             |   -4.25 -2.446             |   -1.81 -2.584            
113   -3.98 -2.466             |   -3.98 -2.466             |   -1.47 -2.590            
114   -3.51 -2.475             |   -3.51 -2.475             |   -1.27 -2.594            
115   -3.22 -2.486             |   -3.22 -2.486             |   -1.21 -2.595            
116   -2.70 -2.499             |   -2.70 -2.499             |   -1.22 -2.595            
117   -5.43 -2.508             |   -5.43 -2.508             |   -1.23 -2.595            
118   -2.06 -2.519             |   -2.06 -2.519             |   -1.18 -2.596            
119   -1.55 -2.531             |   -1.55 -2.531             |   -1.00 -2.599            
120   -1.47 -2.541             |   -1.47 -2.541             |   -0.68 -2.605            
121   -1.53 -2.547             |   -1.53 -2.547             |   -0.20 -2.612            
122   -3.36 -2.547             |   -3.36 -2.547             |    0.21 -2.623            
123   -1.37 -2.549             |   -1.37 -2.549             |    0.98 -2.635            
124   -0.91 -2.555             |   -0.91 -2.555             |    1.64 -2.646            
125   -0.79 -2.562             |   -0.79 -2.562             |    2.27 -2.658            
126   -0.56 -2.568             |   -0.56 -2.568             |    2.85 -2.668            
127   -2.25 -2.576             |   -2.25 -2.576             |    3.36 -2.677            
128   -0.27 -2.596             |   -0.27 -2.596             |    3.80 -2.685            
129    0.02 -2.611             |    0.02 -2.611             |    4.15 -2.692            
130    0.48 -2.634             |    0.48 -2.634             |    4.43 -2.697            
131    8.65 -2.641             |   20.00 -2.631*            |    4.65 -2.700            
132    0.83 -2.655             |   20.00 -2.636*            |    4.80 -2.703            
133    1.07 -2.668             |   20.00 -2.644*            |    4.90 -2.705            
134    1.25 -2.677             |   20.00 -2.654*            |    4.95 -2.706            
135    1.40 -2.686             |   20.00 -2.666*            |    4.97 -2.706            
136    1.46 -2.715             |    1.26 -2.702             |    4.95 -2.706            
137    1.56 -2.724             |    1.44 -2.714             |    4.91 -2.705            
138   20.00 -2.717*            |    1.87 -2.745             |    4.84 -2.704            
139    1.92 -2.750             |    2.25 -2.774             |    4.74 -2.702            
140    2.27 -2.775             |    2.59 -2.798             |    4.62 -2.700            
141    2.59 -2.798             |    2.88 -2.819             |    4.49 -2.698            
142    2.86 -2.818             |    3.13 -2.838             |    4.33 -2.695            
143    3.10 -2.836             |    3.34 -2.853             |    4.16 -2.692            
144    3.30 -2.850             |    3.51 -2.866             |    3.98 -2.689            
145    3.46 -2.862             |    3.65 -2.876             |    3.78 -2.685            
146    3.58 -2.871             |    3.75 -2.883             |    3.56 -2.681            
147    3.67 -2.878             |    3.81 -2.888             |    3.34 -2.677            
148    3.72 -2.881             |    3.85 -2.891             |    3.10 -2.673            
149    3.74 -2.883             |    3.85 -2.891             |    2.85 -2.669            
150    3.73 -2.882             |    3.82 -2.889             |    2.59 -2.664            
151    3.69 -2.879             |    3.77 -2.885             |    2.32 -2.659            
152    3.62 -2.875             |    3.69 -2.880             |    2.05 -2.654            
153    3.52 -2.868             |    3.59 -2.873             |    1.76 -2.649            
154    3.41 -2.860             |    3.46 -2.864             |    1.47 -2.644            
155    3.27 -2.850             |    3.31 -2.853             |    1.17 -2.639            
156    3.11 -2.839             |    3.15 -2.841             |    0.86 -2.633            
157    2.94 -2.826             |    2.97 -2.828             |    0.55 -2.628            
158    2.74 -2.812             |    2.77 -2.814             |    0.13 -2.622            
159    2.53 -2.797             |    2.55 -2.799             |   -0.05 -2.615            
160    2.31 -2.781             |    2.33 -2.782             |   -0.49 -2.609            
161    2.08 -2.764             |    2.09 -2.765             |   -0.79 -2.604            
162    1.83 -2.747             |    1.84 -2.747             |   -1.10 -2.598            
163    1.57 -2.728             |    1.58 -2.729             |   -1.41 -2.593            
164    1.31 -2.709             |    1.31 -2.709             |   -1.74 -2.587            
165    1.03 -2.689             |    1.03 -2.689             |   -2.06 -2.581            
166    0.75 -2.669             |    0.74 -2.669             |   -2.40 -2.575            
167    0.46 -2.648             |    0.45 -2.648             |   -2.73 -2.569            
168    0.16 -2.627             |    0.16 -2.627             |   -3.40 -2.563            
169   -0.14 -2.606             |   -0.14 -2.605             |   -3.61 -2.560            
170   -0.44 -2.584             |   -0.45 -2.583             |   -3.88 -2.556            
171   -0.75 -2.562             |   -0.76 -2.561             |   -4.17 -2.551            
172   -1.06 -2.539             |   -1.07 -2.539             |   -4.52 -2.546            
173   -1.37 -2.517             |   -1.38 -2.516             |   -4.45 -2.538            
174   -1.68 -2.495             |   -1.69 -2.494             |   -4.88 -2.531            
175   -1.99 -2.472             |   -2.01 -2.471             |   -5.26 -2.524            
176   -2.31 -2.449             |   -2.32 -2.448             |   -5.61 -2.518            
177   -2.62 -2.427             |   -2.63 -2.426             |   -5.95 -2.512            
178   -2.93 -2.404             |   -2.95 -2.403             |   -6.27 -2.506            
179   -2.67 -2.422             |   -5.37 -2.425             |   -6.58 -2.501            
180   -2.43 -2.440             |   -4.89 -2.443             |   -6.88 -2.495            
181   -3.31 -2.421             |   -6.03 -2.424             |   -7.17 -2.490            
182   -4.35 -2.470             |   -2.58 -2.465             |   -7.45 -2.485            
183  -20.00 -2.450*            |  -20.00 -2.485*            |   -7.72 -2.480            
184   -4.21 -2.459             |   -5.35 -2.454             |   -7.99 -2.475            
185   -3.73 -2.476             |   -4.61 -2.462             |   -8.25 -2.471            
186   -4.74 -2.448             |   -5.55 -2.439             |   -8.50 -2.466            
187   -3.75 -2.476             |   -4.20 -2.458             |   -8.74 -2.462            
188   -4.89 -2.443             |   -5.76 -2.432             |   -8.97 -2.458            
189   -4.02 -2.466             |   -4.47 -2.448             |   -9.19 -2.454            
190   -4.32 -2.472             |   -4.03 -2.456             |   -9.40 -2.450            
191  -20.00 -2.459*            |   -3.83 -2.464             |   -9.60 -2.447            
192   -5.38 -2.436             |   -4.49 -2.466             |   -9.78 -2.444            
193   -4.80 -2.436             |  -20.00 -2.458*            |   -9.96 -2.440            
194   -4.50 -2.437             |  -20.00 -2.439*            |  -10.13 -2.438            
195   -4.48 -2.438             |   -5.47 -2.422             |  -10.28 -2.435            
196   -4.29 -2.446             |   -4.73 -2.428             |  -10.42 -2.432            
197   -4.72 -2.450             |   -4.48 -2.426             |  -10.55 -2.430            
198  -20.00 -2.436*            |   -4.35 -2.431             |  -10.67 -2.428            
199  -20.00 -2.410*            |   -4.56 -2.435             |  -10.77 -2.426            
200   -5.28 -2.406             |  -20.00 -2.428*            |  -10.86 -2.425            
201   -4.89 -2.409             |  -20.00 -2.404*            |  -10.93 -2.423            
202   -4.82 -2.412             |  -20.00 -2.403*            |  -10.99 -2.422            
203   -5.00 -2.404             |   -6.19 -2.384             |  -11.03 -2.422            
204   -5.28 -2.406             |   -3.18 -2.390             |  -11.06 -2.421            
205  -20.00 -2.404*            |   -6.17 -2.400             |  -11.08 -2.421            
206  -20.00 -2.385*            |  -20.00 -2.393*            |  -11.07 -2.421            
207   -5.36 -2.373             |   -5.24 -2.394             |  -11.05 -2.421            
208   -6.71 -2.381             |   -6.17 -2.385             |  -11.02 -2.422            
209  -20.00 -2.364*            |  -20.00 -2.369*            |  -10.96 -2.423            
210   -5.25 -2.359             |   -3.73 -2.351             |  -10.89 -2.424            
211   -4.88 -2.357             |   -3.74 -2.350             |  -10.80 -2.426            
212   -6.90 -2.358             |   -6.04 -2.360             |  -10.69 -2.428            
213   -3.98 -2.333             |  -20.00 -2.335*            |  -10.56 -2.430            
214   -3.86 -2.342             |   -4.75 -2.341             |  -10.40 -2.433            
215  -20.00 -2.330*            |  -20.00 -2.336*            |  -10.23 -2.436            
216   -4.06 -2.328             |   -4.09 -2.327             |  -10.03 -2.440            
217  -20.00 -2.324*            |  -20.00 -2.337*            |   -9.81 -2.444            
218   -4.09 -2.327             |   -4.22 -2.317             |   -9.56 -2.448            
219  -20.00 -2.319*            |  -20.00 -2.323*            |   -9.29 -2.453            
220   -4.21 -2.318             |   -4.30 -2.312             |   -8.99 -2.459            
221  -20.00 -2.302*            |  -20.00 -2.309*            |   -8.66 -2.464            
222   -5.13 -2.320             |   -4.28 -2.313             |   -8.30 -2.471            
223   -4.40 -2.305             |   -4.47 -2.300             |   -7.91 -2.478            
224   -6.80 -2.329             |   -6.89 -2.326             |   -7.48 -2.486            
225   -4.20 -2.320             |   -4.23 -2.318             |   -7.01 -2.494            
226   -4.30 -2.313             |   -4.33 -2.311             |   -6.50 -2.503            
227  -20.00 -2.326*            |  -20.00 -2.334*            |   -5.94 -2.513            
228   -3.90 -2.342             |   -4.78 -2.342             |   -5.33 -2.524            
229   -3.86 -2.346             |   -3.89 -2.343             |   -4.65 -2.536            
230   -3.82 -2.348             |   -3.87 -2.344             |   -3.89 -2.550            
231   -3.74 -2.354             |   -4.46 -2.362             |   -3.03 -2.565            
232   -4.17 -2.379             |   -4.14 -2.380             |   -2.05 -2.583            
233   -3.24 -2.391             |   -3.79 -2.401             |   -0.92 -2.603            
234  -20.00 -2.413*            |   -2.94 -2.414             |    0.41 -2.627            
235  -20.00 -2.430*            |   -2.76 -2.426             |    1.96 -2.655            
236   -2.63 -2.436             |   -2.54 -2.442             |    3.78 -2.688            
237   -2.21 -2.467             |   -2.22 -2.466             |    5.91 -2.726            
238   -2.18 -2.497             |   -1.75 -2.500             |   10.09 -2.767            
239   -1.37 -2.527             |   -1.92 -2.524             |   12.99 -2.810            