tolundefined/w0 6087ms            | tol0.00013635384781205697/w0 5790ms| tol0.00004090615434361709/w0 6982ms| tol0.000013635384781205697/w0 8216ms
  0  -20.00 -0.026*  1031 141         |  -20.00 -0.026*  1031 141         |  -20.00 -0.026*  1031 141         |  -20.00 -0.026*  1031 141         
  1  -20.00 -0.053*   428  28         |  -20.00 -0.053*   428  28         |  -20.00 -0.053*   428  28         |  -20.00 -0.053*   428  28         
  2  -20.00 -0.079*   432  27         |  -20.00 -0.079*   432  27         |  -20.00 -0.079*   432  27         |  -20.00 -0.079*   432  27         
  3  -20.00 -0.106*   432  27         |  -20.00 -0.106*   432  27         |  -20.00 -0.106*   432  27         |  -20.00 -0.106*   432  27         
  4  -20.00 -0.133*   432  27         |  -20.00 -0.133*   432  27         |  -20.00 -0.133*   432  27         |  -20.00 -0.133*   432  27         
  5  -20.00 -0.161*   432  27         |  -20.00 -0.161*   432  27         |  -20.00 -0.161*   432  27         |  -20.00 -0.161*   432  27         
  6  -20.00 -0.188*   432  27         |  -20.00 -0.188*   432  27         |  -20.00 -0.188*   432  27         |  -20.00 -0.188*   432  27         
  7  -20.00 -0.216*   432  27         |  -20.00 -0.216*   432  27         |  -20.00 -0.216*   432  27         |  -20.00 -0.216*   432  27         
  8  -20.00 -0.245*   432  27         |  -20.00 -0.245*   432  27         |  -20.00 -0.245*   432  27         |  -20.00 -0.245*   432  27         
  9  -20.00 -0.273*   432  27         |  -20.00 -0.273*   432  27         |  -20.00 -0.273*   432  27         |  -20.00 -0.273*   432  27         
 10  -20.00 -0.303*   432  27         |  -20.00 -0.303*   432  27         |  -20.00 -0.303*   432  27         |  -20.00 -0.303*   432  27         
 11  -20.00 -0.333*   432  27         |  -20.00 -0.333*   432  27         |  -20.00 -0.333*   432  27         |  -20.00 -0.333*   432  27         
 12  -20.00 -0.363*   432  27         |  -20.00 -0.363*   432  27         |  -20.00 -0.363*   432  27         |  -20.00 -0.363*   432  27         
 13  -20.00 -0.394*   432  27         |  -20.00 -0.394*   432  27         |  -20.00 -0.394*   432  27         |  -20.00 -0.394*   432  27         
 14  -20.00 -0.426*   432  27         |  -20.00 -0.426*   432  27         |  -20.00 -0.426*   432  27         |  -20.00 -0.426*   432  27         
 15  -20.00 -0.459*   432  27         |  -20.00 -0.459*   432  27         |  -20.00 -0.459*   432  27         |  -20.00 -0.459*   432  27         
 16  -20.00 -0.492*   433  28         |  -20.00 -0.492*   433  28         |  -20.00 -0.492*   433  28         |  -20.00 -0.492*   433  28         
 17  -20.00 -0.526*   442  28         |  -20.00 -0.526*   442  28         |  -20.00 -0.526*   442  28         |  -20.00 -0.526*   442  28         
 18  -20.00 -0.562*   448  28         |  -20.00 -0.562*   448  28         |  -20.00 -0.562*   448  28         |  -20.00 -0.562*   448  28         
 19  -20.00 -0.598*   448  28         |  -20.00 -0.598*   448  28         |  -20.00 -0.598*   448  28         |  -20.00 -0.598*   448  28         
 20  -20.00 -0.636*   448  28         |  -20.00 -0.636*   448  28         |  -20.00 -0.636*   448  28         |  -20.00 -0.636*   448  28         
 21  -20.00 -0.674*   448  28         |  -20.00 -0.674*   448  28         |  -20.00 -0.674*   448  28         |  -20.00 -0.674*   448  28         
 22  -20.00 -0.714*   448  28         |  -20.00 -0.714*   448  28         |  -20.00 -0.714*   448  28         |  -20.00 -0.714*   448  28         
 23  -20.00 -0.756*   448  28         |  -20.00 -0.756*   448  28         |  -20.00 -0.756*   448  28         |  -20.00 -0.756*   448  28         
 24  -20.00 -0.798*   448  28         |  -20.00 -0.798*   448  28         |  -20.00 -0.798*   448  28         |  -20.00 -0.798*   448  28         
 25  -20.00 -0.843*   448  28         |  -20.00 -0.843*   448  28         |  -20.00 -0.843*   448  28         |  -20.00 -0.843*   448  28         
 26  -20.00 -0.888*   448  28         |  -20.00 -0.888*   448  28         |  -20.00 -0.888*   448  28         |  -20.00 -0.888*   448  28         
 27  -20.00 -0.939*   387  29         |  -20.00 -0.939*   387  29         |  -20.00 -0.939*   387  29         |  -20.00 -0.939*   387  29         
 28  -20.00 -0.986*   389  29         |  -20.00 -0.986*   389  29         |  -20.00 -0.986*   389  29         |  -20.00 -0.986*   389  29         
 29  -20.00 -1.037*   462  29         |  -20.00 -1.037*   462  29         |  -20.00 -1.037*   462  29         |  -20.00 -1.037*   462  29         
 30  -20.00 -1.087*   433  30         |  -20.00 -1.087*   433  30         |  -20.00 -1.087*   433  30         |  -20.00 -1.087*   433  30         
 31  -20.00 -1.172*   324  34         |  -20.00 -1.142*   384  30         |  -20.00 -1.142*   384  30         |  -20.00 -1.142*   384  30         
 32  -20.00 -1.201*   433  31         |  -20.00 -1.203*   429  30         |  -20.00 -1.203*   429  30         |  -20.00 -1.203*   429  30         
 33  -20.00 -1.263*   403  31         |  -20.00 -1.258*   405  31         |  -20.00 -1.258*   405  31         |  -20.00 -1.258*   405  31         
 34  -20.00 -1.320*   382  34         |  -20.00 -1.324*   362  31         |  -20.00 -1.324*   362  31         |  -20.00 -1.324*   362  31         
 35  -20.00 -1.388*   385  32         |  -20.00 -1.390*   377  32         |  -20.00 -1.390*   377  32         |  -20.00 -1.390*   377  32         
 36  -20.00 -1.452*   350  36         |  -20.00 -1.461*   366  32         |  -20.00 -1.461*   366  32         |  -20.00 -1.461*   366  32         
 37  -20.00 -1.515*   330  37         |  -20.00 -1.529*   336  21         |  -20.00 -1.529*   336  21         |  -20.00 -1.529*   336  21         
 38  -20.00 -1.586*   366  34         |  -20.00 -1.603*   362  33         |  -20.00 -1.603*   362  33         |  -20.00 -1.603*   362  33         
 39  -20.00 -1.663*   362  23         |  -20.00 -1.680*   365  23         |  -20.00 -1.680*   365  23         |  -20.00 -1.680*   365  23         
 40  -12.38 -1.712    301  39         |  -20.00 -1.760*   383  25         |  -20.00 -1.760*   383  25         |  -20.00 -1.760*   383  25         
 41  -11.75 -1.767    323  39         |  -20.00 -1.844*   407  26         |  -20.00 -1.844*   407  26         |  -20.00 -1.844*   407  26         
 42  -20.00 -1.770*   313  40         |  -20.00 -1.931*   436  28         |  -20.00 -1.931*   436  28         |  -20.00 -1.931*   436  28         
 43  -11.06 -1.809    287  41         |  -20.00 -2.022*   476  31         |  -20.00 -2.022*   476  31         |  -20.00 -2.022*   476  31         
 44  -10.67 -1.837    305  41         |  -20.00 -2.117*   525  34         |  -20.00 -2.117*   525  34         |  -20.00 -2.117*   525  34         
 45  -10.43 -1.855    229  26         |  -20.00 -2.216*   573  38         |  -20.00 -2.216*   573  38         |  -20.00 -2.216*   573  38         
 46  -20.00 -1.859*   280  43         |  -20.00 -2.319*   660  46         |  -20.00 -2.319*   660  46         |  -20.00 -2.319*   660  46         
 47  -20.00 -1.862*   236  43         |  -20.00 -2.357*   600  52         |  -20.00 -2.426*   904  69         |  -20.00 -2.426*   904  69         
 48  -20.00 -1.877*   216  27         |  -20.00 -2.352*   459  58         |  -20.00 -2.538*  1620 151         |  -20.00 -2.538*  1620 151         
 49  -20.00 -1.893*   234  44         |  -20.00 -2.359*   459  58         |  -20.00 -2.554*  1616 182         |  -10.77 -2.588   3139 200         
 50   -9.39 -1.938    201  28         |   -3.43 -2.364    420  58         |   -1.19 -2.546   1300 180         |  -10.00 -2.590   3200 200         
 51  -20.00 -1.914*   201  28         |   -3.47 -2.362    429  59         |   -1.20 -2.545   1325 181         |   -9.61 -2.591   3200 200         
 52   -9.12 -1.950    221  48         |   -3.41 -2.365    416  59         |   -1.09 -2.546   1301 182         |   -9.23 -2.592   3200 200         
 53   -8.94 -1.963    223  48         |   -3.48 -2.358    394  59         |   -0.97 -2.541   1147 180         |   -8.87 -2.593   3200 200         
 54  -20.00 -1.949*   224  49         |  -20.00 -2.360*   437  59         |   -1.04 -2.549   1314 183         |   -8.80 -2.593   3009 200         
 55   -8.54 -1.992    206  50         |   -3.46 -2.359    340  59         |  -20.00 -2.550*  1164 180         |   -0.28 -2.591   2627 200         
 56   -8.27 -2.013    228  51         |  -20.00 -2.353*   386  59         |   -1.72 -2.540    983 172         |   -8.94 -2.593   2818 200         
 57   -8.05 -2.027    188  31         |   -3.40 -2.364    335  59         |   -0.99 -2.539    959 165         |   -0.26 -2.592   2436 200         
 58   -7.77 -2.054    233  53         |   -3.39 -2.367    344  60         |  -20.00 -2.549*  1139 173         |   -9.09 -2.592   2627 200         
 59   -7.59 -2.062    190  32         |   -3.48 -2.358    294  59         |   -1.00 -2.539    853 180         |   -8.80 -2.593   2436 200         
 60   -7.32 -2.080    192  33         |   -3.41 -2.366    334  59         |   -1.72 -2.540   1011 180         |   -9.10 -2.592   2245 200         
 61  -20.00 -2.080*   218  34         |   -3.50 -2.356    243  59         |   -1.17 -2.541    850 181         |   -9.29 -2.591   2245 200         
 62   -6.81 -2.117    196  35         |   -3.39 -2.364    339  60         |   -0.97 -2.540    831 174         |   -0.25 -2.593   2054 200         
 63   -6.53 -2.138    197  36         |  -20.00 -2.357*   297  60         |  -20.00 -2.549*  1010 178         |   -8.88 -2.592   2245 200         
 64   -6.25 -2.156    199  37         |   -3.35 -2.368    246  60         |  -20.00 -2.551*   870 183         |   -8.45 -2.593   2245 200         
 65   -5.97 -2.182    230  38         |   -3.29 -2.371    300  61         |   -0.87 -2.547    708 184         |   -8.56 -2.593   2058 200         
 66   -5.73 -2.196    205  40         |  -20.00 -2.371*   304  63         |   -3.42 -2.540    741 175         |   -8.25 -2.594   2058 200         
 67   -5.42 -2.217    207  41         |   -3.09 -2.386    253  64         |  -20.00 -2.549*   885 174         |   -9.02 -2.591   1872 200         
 68  -20.00 -2.220*   244  43         |  -20.00 -2.396*   377  69         |   -1.44 -2.547    738 178         |   -0.32 -2.592   1871 200         
 69   -4.95 -2.251    214  44         |   -2.65 -2.419    327  72         |  -20.00 -2.551*   738 180         |   -8.66 -2.592   1869 200         
 70   -4.67 -2.272    217  46         |   -2.50 -2.429    356  77         |   -2.30 -2.540    589 179         |   -0.20 -2.596   1869 200         
 71   -4.37 -2.292    261  49         |   -2.30 -2.444    372  82         |   -2.84 -2.543    749 179         |   -9.08 -2.591   1877 200         
 72  -20.00 -2.303*   267  51         |   -2.10 -2.458    422  88         |   -1.59 -2.544    750 177         |   -0.29 -2.593   1688 200         
 73   -3.84 -2.332    231  53         |   -2.45 -2.464    386  93         |  -20.00 -2.549*   753 177         |   -9.14 -2.591   2069 200         
 74   -3.62 -2.347    284  57         |   -7.04 -2.454    289  29         |   -2.91 -2.541    611 179         |   -0.25 -2.596   1881 200         
 75   -3.31 -2.370    295  61         |   -2.93 -2.450    272  29         |   -1.89 -2.546    763 178         |   -8.46 -2.593   1889 200         
 76   -3.02 -2.391    311  65         |   -2.74 -2.447    271  29         |   -1.05 -2.548    770 178         |   -9.07 -2.591   2081 200         
 77  -20.00 -2.405*   392  71         |   -2.70 -2.450    336  85         |   -1.57 -2.545    776 176         |   -8.43 -2.593   2082 200         
 78   -2.41 -2.434    370  78         |   -2.75 -2.446    279  28         |   -1.04 -2.548    760 178         |   -0.29 -2.594   1899 200         
 79   -2.13 -2.456    459  85         |   -2.83 -2.442    281  28         |   -1.07 -2.546    763 175         |   -0.49 -2.593   1909 200         
 80   -6.78 -2.449    293  32         |   -2.88 -2.438    284  28         |   -1.97 -2.543    750 176         |   -9.23 -2.590   2096 200         
 81   -7.22 -2.444    280  28         |   -2.95 -2.434    284  28         |   -1.83 -2.541    910 180         |   -0.38 -2.593   2460 200         
 82   -7.39 -2.440    280  28         |   -3.01 -2.430    284  28         |  -20.00 -2.546*   928 182         |   -0.39 -2.593   2460 200         
 83   -7.55 -2.436    280  28         |   -3.09 -2.426    284  28         |  -20.00 -2.547*   926 180         |   -0.41 -2.592   2460 200         
 84   -7.68 -2.433    283  28         |   -5.25 -2.420    296  28         |  -20.00 -2.546*   925 179         |   -9.03 -2.591   2647 200         
 85   -7.83 -2.430    284  28         |   -5.38 -2.415    290  19         |  -20.00 -2.545*   930 181         |   -9.09 -2.591   2648 200         
 86   -8.00 -2.426    284  28         |   -5.53 -2.410    288  18         |   -2.41 -2.541    943 182         |   -9.37 -2.590   2653 200         
 87   -8.18 -2.421    284  28         |   -5.68 -2.404    288  18         |   -2.28 -2.545   1105 183         |   -8.12 -2.594   3018 200         
 88   -5.26 -2.419    282  28         |   -5.85 -2.398    288  18         |   -2.34 -2.546   1106 182         |   -9.29 -2.590   2837 200         
 89   -5.39 -2.415    290  19         |   -6.01 -2.392    288  18         |   -2.37 -2.545   1107 181         |   -8.14 -2.594   3200 200         
 90   -5.54 -2.409    288  18         |   -6.19 -2.385    288  18         |   -2.44 -2.543   1093 180         |   -8.21 -2.593   3200 200         
 91   -5.69 -2.404    288  18         |   -6.36 -2.379    288  18         |  -20.00 -2.547*  1263 182         |   -8.33 -2.593   3200 200         
 92   -5.85 -2.398    288  18         |   -6.53 -2.373    288  18         |   -2.59 -2.545   1127 183         |   -8.40 -2.593   3200 200         
 93   -6.02 -2.391    288  18         |   -6.70 -2.367    288  18         |  -20.00 -2.548*  1269 183         |   -8.42 -2.593   3200 200         
 94   -6.19 -2.385    288  18         |   -6.86 -2.361    288  18         |   -2.68 -2.545   1123 181         |   -8.36 -2.593   3200 200         
 95   -6.36 -2.379    288  18         |   -6.87 -2.362    324  59         |  -20.00 -2.546*  1276 183         |   -8.24 -2.593   3200 200         
 96   -6.53 -2.373    288  18         |   -5.24 -2.363    384  60         |   -1.85 -2.540   1106 179         |   -8.03 -2.594   3200 200         
 97   -6.70 -2.366    288  18         |   -5.10 -2.371    394  62         |   -1.74 -2.543   1122 181         |   -8.68 -2.592   2839 200         
 98   -6.86 -2.361    288  18         |   -3.92 -2.376    384  62         |   -1.75 -2.543   1124 180         |   -8.28 -2.593   2837 200         
 99   -7.01 -2.355    288  18         |   -6.69 -2.380    397  63         |  -20.00 -2.548*  1126 185         |   -0.43 -2.593   2470 200         
100   -7.14 -2.350    288  18         |  -20.00 -2.379*   454  65         |  -20.00 -2.544*   961 179         |   -7.57 -2.595   2484 200         
101   -7.64 -2.347    297  19         |   -3.63 -2.393    402  67         |  -20.00 -2.546*   962 179         |   -9.16 -2.591   2146 200         
102   -7.47 -2.353    334  58         |  -20.00 -2.393*   465  69         |   -1.53 -2.545    965 183         |   -9.54 -2.590   1951 200         
103   -6.55 -2.358    409  59         |   -5.57 -2.408    413  71         |   -1.62 -2.544    673 188         |   -0.90 -2.595   1608 200         
104  -20.00 -2.364*   438  62         |   -5.35 -2.415    423  73         |   -1.67 -2.550    650 185         |   -7.65 -2.595   1600 200         
105   -6.70 -2.380    391  64         |  -20.00 -2.427*   479  75         |   -1.67 -2.540    497 185         |   -0.32 -2.594   1247 200         
106   -5.05 -2.388    455  66         |   -4.06 -2.431    395  79         |   -1.57 -2.545    471 186         |   -0.30 -2.595   1069 200         
107   -5.88 -2.397    400  67         |   -4.52 -2.447    395  81         |   -1.34 -2.546    508 180         |   -8.41 -2.593    704 200         
108  -20.00 -2.401*   467  70         |   -4.14 -2.451    363  85         |   -1.42 -2.551    311  35         |   -0.82 -2.595    522 200         
109   -4.44 -2.414    420  73         |   -3.82 -2.471    422  93         |   -1.42 -2.554    311  35         |   -0.42 -2.592    502 200         
110   -3.03 -2.429    420  77         |   -3.46 -2.476    314  35         |   -2.92 -2.555    324  34         |   -0.43 -2.593    343  38         
111   -4.92 -2.441    402  81         |   -3.21 -2.486    307  34         |   -1.22 -2.559    301  34         |   -0.45 -2.592    511 200         
112   -4.25 -2.446    361  83         |   -2.71 -2.498    304  34         |   -0.97 -2.564    297  34         |   -0.28 -2.599    668 200         
113   -3.98 -2.466    417  91         |   -5.43 -2.508    317  34         |   -0.89 -2.568    296  33         |   -0.18 -2.599    678 200         
114   -3.51 -2.475    376  96         |   -2.06 -2.519    296  34         |   -1.01 -2.568    297  33         |   -8.05 -2.593    698 200         
115   -3.22 -2.486    308  34         |   -1.56 -2.531    287  34         |   -2.49 -2.563    310  34         |   -0.31 -2.595    316  42         
116   -2.70 -2.499    304  34         |   -1.47 -2.540    287  34         |   -1.04 -2.563    286  36         |   -0.12 -2.602    645 200         
117   -5.43 -2.508    317  34         |   -1.43 -2.547    288  34         |   -0.68 -2.569    276  37         |   -0.95 -2.596    315  41         
118   -2.06 -2.519    296  34         |   -3.37 -2.546    306  34         |   -0.48 -2.575    277  39         |   -0.05 -2.607    253  41         
119   -1.55 -2.531    289  35         |   -1.37 -2.549    282  34         |   -1.91 -2.581    280  40         |    0.07 -2.614    281  42         
120   -1.47 -2.541    287  34         |   -0.91 -2.555    274  36         |   -0.21 -2.599    246  42         |    0.90 -2.626    277  46         
121   -1.53 -2.547    289  34         |   -0.78 -2.563    273  37         |    0.03 -2.612    276  44         |    7.54 -2.639    450 200         
122   -3.36 -2.547    305  34         |   -0.55 -2.569    278  39         |    0.48 -2.633    241  45         |    0.66 -2.644   1143 200         
123   -1.37 -2.549    284  35         |   -2.19 -2.577    279  41         |    0.66 -2.642    440 200         |    7.70 -2.639   1542 200         
124   -0.91 -2.555    275  36         |   -0.25 -2.597    243  42         |    0.62 -2.655    543 200         |    7.37 -2.639   1707 200         
125   -0.79 -2.562    272  37         |    0.03 -2.612    274  44         |    0.79 -2.668    538 200         |    7.75 -2.640   1706 200         
126   -0.56 -2.568    278  39         |    0.51 -2.635    242  46         |    0.92 -2.677    536 200         |    7.84 -2.640   1766 200         
127   -2.25 -2.576    279  41         |    9.12 -2.643    444 200         |    1.16 -2.694    527 200         |    0.69 -2.644   1756 200         
128   -0.27 -2.596    243  42         |    0.85 -2.656    547 200         |    1.05 -2.687    714 200         |    0.72 -2.644   1918 200         
129    0.02 -2.611    274  45         |    1.08 -2.668    537 200         |    1.02 -2.686    707 200         |    0.81 -2.644   1925 200         
130    0.48 -2.634    242  46         |    1.26 -2.678    534 200         |    1.13 -2.693    697 200         |    7.47 -2.639   2103 200         
131    8.65 -2.641    440 200         |    1.41 -2.686    521 200         |    1.06 -2.690    708 198         |    7.83 -2.640   1909 200         
132    0.83 -2.655    547 200         |    1.47 -2.716    315 177         |    1.41 -2.696    686 196         |    7.83 -2.640   1915 200         
133    1.07 -2.668    537 200         |    1.57 -2.725    442 160         |   20.00 -2.682*   875 194         |    7.91 -2.640   1894 200         
134    1.25 -2.677    534 200         |   20.00 -2.720*   393 137         |   20.00 -2.681*   692 193         |    7.85 -2.640   1887 200         
135    1.40 -2.686    522 200         |    1.93 -2.751    258 116         |   20.00 -2.685*   687 194         |    7.75 -2.640   1881 200         
136    1.46 -2.715    317 179         |    2.28 -2.776    144   9         |    1.55 -2.696    513 197         |    7.36 -2.639   1874 200         
137    1.56 -2.724    445 162         |    2.59 -2.799    144   9         |    1.11 -2.694    696 199         |    7.86 -2.640   1683 200         
138   20.00 -2.717*   388 138         |    2.87 -2.819    144   9         |    1.12 -2.693    685 200         |    7.74 -2.640   1689 200         
139    1.92 -2.750    259 117         |    3.11 -2.836    144   9         |    1.17 -2.696    503 200         |    7.51 -2.639   1675 200         
140    2.27 -2.775    144   9         |    3.30 -2.851    144   9         |    0.99 -2.684    691 198         |    8.24 -2.641   1489 200         
141    2.59 -2.798    144   9         |    3.46 -2.862    144   9         |    1.04 -2.687    683 200         |    8.36 -2.642   1486 200         
142    2.86 -2.818    144   9         |    3.58 -2.871    144   9         |    1.06 -2.688    500 191         |    0.41 -2.642   1300 200         
143    3.10 -2.836    144   9         |    3.67 -2.877    144   9         |    1.07 -2.690    499 196         |    8.03 -2.641   1296 200         
144    3.30 -2.850    144   9         |    3.61 -2.873    193  57         |    1.03 -2.687    497 192         |    0.43 -2.643   1099 200         
145    3.46 -2.862    144   9         |    3.62 -2.874    144   9         |    1.13 -2.696    330 195         |    0.40 -2.642   1099 200         
146    3.58 -2.871    144   9         |    3.62 -2.874    144   9         |    1.39 -2.696    319 182         |    8.09 -2.641   1099 200         
147    3.67 -2.878    144   9         |    3.59 -2.872    144   9         |    0.96 -2.685    521 200         |    7.87 -2.640    908 200         
148    3.72 -2.881    144   9         |    3.53 -2.868    144   9         |    0.99 -2.684    327 192         |    7.27 -2.638    908 200         
149    3.74 -2.883    144   9         |    3.44 -2.862    144   9         |    1.12 -2.695    144   9         |    0.35 -2.638    717 200         
150    3.73 -2.882    144   9         |    3.33 -2.854    144   9         |    1.05 -2.690    327 192         |    0.41 -2.644    526 200         
151    3.69 -2.879    144   9         |    3.20 -2.845    144   9         |    1.11 -2.694    144   9         |    0.39 -2.642    526 200         
152    3.62 -2.875    144   9         |    3.05 -2.834    144   9         |    1.12 -2.695    144   9         |    0.34 -2.638    335 200         
153    3.52 -2.868    144   9         |    2.88 -2.822    144   9         |    1.08 -2.692    144   9         |    0.32 -2.637    335 200         
154    3.41 -2.860    144   9         |    2.69 -2.809    144   9         |    1.01 -2.687    144   9         |    0.32 -2.637    144   9         
155    3.27 -2.850    144   9         |    2.49 -2.794    144   9         |    0.91 -2.680    144   9         |    0.28 -2.634    144   9         
156    3.11 -2.839    144   9         |    2.27 -2.778    144   9         |    0.78 -2.671    144   9         |    0.20 -2.629    144   9         
157    2.94 -2.826    144   9         |    2.04 -2.762    144   9         |    0.63 -2.660    144   9         |    0.09 -2.621    144   9         
158    2.74 -2.812    144   9         |    1.79 -2.744    144   9         |    0.45 -2.647    144   9         |   -0.04 -2.612    144   9         
159    2.53 -2.797    144   9         |    1.54 -2.726    144   9         |    0.26 -2.634    144   9         |   -0.20 -2.600    144   9         
160    2.31 -2.781    144   9         |    1.27 -2.707    144   9         |    0.05 -2.619    144   9         |   -0.28 -2.597    540 200         
161    2.08 -2.764    144   9         |    1.00 -2.687    144   9         |   -0.17 -2.602    144   9         |   -0.21 -2.600    717 200         
162    1.83 -2.747    144   9         |    0.72 -2.667    144   9         |   -0.41 -2.585    144   9         |   -9.22 -2.589    908 200         
163    1.57 -2.728    144   9         |    0.43 -2.646    144   9         |   -0.66 -2.568    144   9         |   -0.31 -2.596   1101 200         
164    1.31 -2.709    144   9         |    0.14 -2.625    144   9         |   -0.92 -2.549    144   9         |   -0.30 -2.594    729 200         
165    1.03 -2.689    144   9         |   -0.16 -2.604    144   9         |   -0.98 -2.545    319 182         |   -0.33 -2.593   1316 200         
166    0.75 -2.669    144   9         |   -0.46 -2.582    144   9         |  -20.00 -2.543*   661 178         |   -0.71 -2.593   1345 200         
167    0.46 -2.648    144   9         |   -0.77 -2.560    144   9         |   -1.04 -2.541    504 200         |   -7.75 -2.595   1540 200         
168    0.16 -2.627    144   9         |   -1.08 -2.538    144   9         |   -0.93 -2.547    666 176         |   -7.88 -2.595   1754 200         
169   -0.14 -2.606    144   9         |   -1.39 -2.516    144   9         |   -0.83 -2.556    675 200         |   -0.99 -2.592   1799 200         
170   -0.44 -2.584    144   9         |   -1.70 -2.493    144   9         |   -0.92 -2.549    679 200         |   -8.17 -2.594   2102 200         
171   -0.75 -2.562    144   9         |   -2.01 -2.471    144   9         |  -20.00 -2.543*   841 200         |   -7.94 -2.595   2114 200         
172   -1.06 -2.539    144   9         |   -2.32 -2.448    144   9         |  -17.74 -2.568   1026 200         |   -0.69 -2.592   2118 200         
173   -1.37 -2.517    144   9         |   -2.64 -2.426    144   9         |   -0.85 -2.556    680 200         |   -0.78 -2.592   2295 200         
174   -1.68 -2.495    144   9         |   -2.95 -2.403    144   9         |   -1.04 -2.541    674 200         |   -1.25 -2.592   2496 200         
175   -1.99 -2.472    144   9         |   -5.38 -2.425    410  71         |  -20.00 -2.558*  1349 200         |   -7.92 -2.595   2661 200         
176   -2.31 -2.449    144   9         |   -4.89 -2.443    443  77         |   -0.73 -2.561   1033 200         |   -1.05 -2.592   2676 200         
177   -2.62 -2.427    144   9         |   -6.03 -2.424    226  21         |   -1.07 -2.555    843 200         |   -8.40 -2.593   2856 200         
178   -2.93 -2.404    144   9         |   -2.58 -2.465    683  88         |  -20.00 -2.540*  1006 200         |   -7.71 -2.595   3031 200         
179   -2.67 -2.422    400  70         |  -20.00 -2.466*   444  86         |  -17.70 -2.568   1366 200         |   -7.86 -2.595   3039 200         
180   -2.43 -2.440    443  77         |   -4.57 -2.455    395  95         |   -1.81 -2.540    714 198         |   -7.94 -2.595   3200 200         
181   -3.31 -2.421    229  22         |   -3.91 -2.470    645  99         |  -20.00 -2.546*  1218 177         |   -8.19 -2.594   3200 200         
182   -4.35 -2.470    701  89         |   -5.11 -2.444    295  19         |   -2.08 -2.540   1078 174         |   -8.45 -2.593   3200 200         
183  -20.00 -2.450*   305  79         |   -3.69 -2.469    696  95         |   -3.33 -2.540   1097 173         |   -8.69 -2.593   3200 200         
184   -4.21 -2.459    533  95         |   -5.01 -2.439    289  19         |  -20.00 -2.546*  1268 171         |   -8.92 -2.592   3200 200         
185   -3.73 -2.476    643  99         |   -3.95 -2.459    667  89         |  -20.00 -2.546*  1232 178         |   -9.15 -2.591   3200 200         
186   -4.74 -2.448    290  19         |   -3.98 -2.467    614  91         |   -1.79 -2.543   1225 177         |   -9.36 -2.591   3200 200         
187   -3.75 -2.476    700  94         |   -4.36 -2.471    606  89         |   -3.21 -2.540   1222 176         |   -9.56 -2.590   3200 200         
188   -4.89 -2.443    285  19         |  -20.00 -2.455*   456  80         |   -1.82 -2.542   1372 177         |   -9.76 -2.590   3200 200         
189   -4.02 -2.466    667  88         |   -5.80 -2.432    408  87         |   -1.80 -2.542   1389 177         |   -9.94 -2.589   3200 200         
190   -4.32 -2.472    609  90         |   -4.94 -2.431    577  84         |  -20.00 -2.546*  1381 178         |  -10.11 -2.589   3200 200         
191  -20.00 -2.459*   463  82         |   -4.46 -2.439    632  84         |   -1.84 -2.540   1377 177         |  -10.27 -2.588   3200 200         
192   -5.38 -2.436    413  89         |   -4.44 -2.439    563  79         |  -20.00 -2.549*  1520 178         |  -10.41 -2.588   3200 200         
193   -4.80 -2.436    587  86         |   -4.31 -2.445    605  78         |  -20.00 -2.548*  1390 181         |  -10.54 -2.587   3200 200         
194   -4.50 -2.437    580  84         |  -20.00 -2.439*   531  74         |   -1.61 -2.540   1374 182         |  -10.66 -2.587   3200 200         
195   -4.48 -2.438    568  81         |  -20.00 -2.416*   419  76         |   -1.47 -2.543   1519 182         |  -10.77 -2.587   3200 200         
196   -4.29 -2.446    618  81         |   -5.70 -2.403    473  74         |   -1.48 -2.541   1531 181         |  -10.86 -2.586   3200 200         
197   -4.72 -2.450    606  79         |   -4.98 -2.405    562  71         |   -1.38 -2.540   1529 180         |  -10.93 -2.586   3200 200         
198  -20.00 -2.436*   466  72         |   -4.91 -2.408    556  69         |   -1.64 -2.540   1529 180         |  -10.99 -2.586   3200 200         
199  -20.00 -2.410*   425  77         |   -5.08 -2.400    509  69         |   -2.01 -2.540   1520 178         |  -11.03 -2.586   3200 200         
200   -5.28 -2.406    523  74         |   -5.02 -2.403    530  64         |   -2.38 -2.540   1525 177         |  -11.06 -2.586   3200 200         
201   -4.89 -2.409    566  71         |  -20.00 -2.408*   572  67         |   -2.38 -2.540   1528 177         |  -11.07 -2.586   3200 200         
202   -4.82 -2.412    556  69         |  -20.00 -2.391*   426  67         |   -2.50 -2.539   1530 177         |  -11.06 -2.586   3200 200         
203   -5.00 -2.404    508  69         |   -3.52 -2.366    367  64         |   -2.38 -2.539   1528 177         |  -11.03 -2.586   3200 200         
204   -5.28 -2.406    531  64         |   -3.40 -2.375    553  63         |   -2.14 -2.540   1524 177         |  -10.98 -2.586   3200 200         
205  -20.00 -2.404*   524  67         |  -20.00 -2.371*   473  60         |   -2.02 -2.540   1517 177         |  -10.91 -2.586   3200 200         
206  -20.00 -2.385*   426  67         |  -20.00 -2.358*   431  60         |   -1.78 -2.540   1514 177         |  -10.81 -2.587   3200 200         
207   -5.36 -2.373    422  64         |  -20.00 -2.354*   469  59         |   -1.53 -2.540   1507 177         |  -10.69 -2.587   3200 200         
208   -6.71 -2.381    552  63         |  -20.00 -2.363*   512  59         |   -1.41 -2.540   1511 178         |  -10.55 -2.587   3200 200         
209  -20.00 -2.364*   423  60         |  -20.00 -2.362*   462  59         |   -1.16 -2.541   1517 182         |  -10.38 -2.588   3200 200         
210   -5.25 -2.359    429  60         |  -20.00 -2.362*   467  59         |   -1.65 -2.540   1498 184         |  -10.18 -2.588   3200 200         
211   -4.88 -2.357    463  59         |   -3.64 -2.359    424  59         |   -1.11 -2.543   1493 184         |   -9.95 -2.589   3200 200         
212   -6.90 -2.358    457  57         |  -20.00 -2.361*   476  57         |   -1.11 -2.545   1330 185         |   -9.68 -2.590   3200 200         
213   -3.98 -2.333    342  57         |   -6.90 -2.357    385  57         |  -20.00 -2.543*  1325 180         |   -9.39 -2.591   3200 200         
214   -3.86 -2.342    480  56         |   -3.64 -2.360    465  57         |   -1.39 -2.541   1337 183         |   -9.05 -2.592   3200 200         
215  -20.00 -2.330*   381  55         |   -6.07 -2.360    408  57         |   -1.15 -2.540   1153 185         |   -8.68 -2.593   3200 200         
216   -4.06 -2.328    382  55         |   -6.08 -2.360    408  57         |   -1.55 -2.540   1150 181         |   -8.26 -2.594   3200 200         
217  -20.00 -2.324*   412  54         |   -6.11 -2.359    398  58         |   -1.15 -2.543   1331 181         |   -8.36 -2.594   3015 200         
218   -4.09 -2.327    377  53         |   -5.70 -2.359    396  59         |  -20.00 -2.544*  1132 176         |   -8.20 -2.594   2831 200         
219  -20.00 -2.319*   371  54         |   -5.68 -2.360    385  59         |   -1.42 -2.541    807 173         |   -8.17 -2.595   2452 200         
220   -4.21 -2.318    335  53         |  -20.00 -2.355*   375  59         |   -1.12 -2.546   1145 180         |   -0.60 -2.592   2075 200         
221  -20.00 -2.302*   324  53         |   -4.50 -2.358    329  59         |   -1.11 -2.545    823 182         |   -0.55 -2.593   1692 200         
222   -5.13 -2.320    374  52         |   -4.50 -2.358    327  59         |   -1.10 -2.545    846 191         |   -0.55 -2.593   1496 200         
223   -4.40 -2.305    280  52         |  -20.00 -2.362*   373  60         |   -1.12 -2.546    663 183         |   -0.43 -2.595   1296 200         
224   -6.80 -2.329    416  53         |   -3.64 -2.361    261  60         |   -1.18 -2.541    496 190         |   -0.48 -2.599   1296 200         
225   -4.20 -2.320    283  53         |   -5.02 -2.375    364  61         |  -20.00 -2.556*   703 200         |   -0.39 -2.599    532 200         
226   -4.30 -2.313    282  54         |   -4.24 -2.375    257  61         |   -1.12 -2.546    331 180         |   -0.37 -2.600    476 178         
227  -20.00 -2.326*   370  54         |   -4.15 -2.380    264  62         |  -15.62 -2.575    717 200         |   -0.70 -2.620    516 168         
228   -3.90 -2.342    337  56         |   -3.33 -2.384    261  64         |   -0.54 -2.585    335 200         |    0.03 -2.629    212  45         
229   -3.86 -2.346    291  57         |  -20.00 -2.403*   402  68         |   -0.51 -2.591    335 200         |    8.29 -2.643    965 200         
230   -3.82 -2.348    293  58         |  -20.00 -2.417*   279  72         |   -0.29 -2.609    542 200         |    9.65 -2.648   3200 200         
231   -3.74 -2.354    297  60         |  -20.00 -2.429*   347  76         |    0.28 -2.645    235  45         |   12.55 -2.656   3200 200         
232   -4.17 -2.379    371  62         |   -2.36 -2.454    388  86         |    0.84 -2.679    366 106         |   16.18 -2.667   3200 200         
233   -3.24 -2.391    330  65         |   -2.05 -2.478    332  97         |   20.00 -2.688*  1589 200         |   20.00 -2.679*  3200 200         
234  -20.00 -2.413*   394  70         |   -1.72 -2.501    386 110         |   20.00 -2.691*  2482 181         |   20.00 -2.697*  2887 200         
235  -20.00 -2.430*   286  76         |   -1.23 -2.538    550 158         |   20.00 -2.700*  2621 171         |   20.00 -2.727*  2186 156         
236   -2.63 -2.436    300  79         |  -14.25 -2.580    583 200         |   20.00 -2.722*  2213 153         |   20.00 -2.764*  1648 117         
237   -2.21 -2.467    381  92         |   -0.35 -2.608    414 200         |   20.00 -2.754*  1746 122         |   20.00 -2.804*  1305  89         
238   -2.18 -2.497    425 109         |    0.36 -2.649    391 134         |   20.00 -2.791*  1379  96         |   20.00 -2.837*  1185  79         
239   -1.37 -2.527    436 147         |   20.00 -2.687*   444 192         |   20.00 -2.829*  1193  77         |   20.00 -2.863*  1051  69         